Date	Heure début	Heure fin	ID Programme	ID Lot	Utilisateur	ID Variété	ID Sous variété	Code variété	Masse totale mesurée	Nb mesures	Nb graines	PMG	Masse Surfacique (gr/mm2)	Masse ext.	PMG ext.	Classifieur	Masse analysée	%Clas. NI (nb)	%Clas. NI (masse)	Masse Clas. NI	Nb Clas. NI	PMG Clas. NI	%Clas. C1 (nb)	%Clas. C1 (masse)	Masse Clas. C1	Nb Clas. C1	PMG Clas. C1	%Clas. C2 (nb)	%Clas. C2 (masse)	Masse Clas. C2	Nb Clas. C2	PMG Clas. C2	%Clas. C3 (nb)	%Clas. C3 (masse)	Masse Clas. C3	Nb Clas. C3	PMG Clas. C3	%Clas. C4 (nb)	%Clas. C4 (masse)	Masse Clas. C4	Nb Clas. C4	PMG Clas. C4	Dossier Mesure
21/11/2022	14:47:22	14:47:22	Blé dur - Métrologie complète + classification cassés	96_99_100	Mecarnot	Blé dur	Standard	0101	1,720	1	36	47,778	0,002650344	0,000	0,000	Graines entiers et cassés_test	1,720	0,0	0,0	0,000	0	0,000	100,0	100,0	1,720	36	47,778	0,0	0,0	0,000	0	0,000	0,0	0,0	0,000	0	0,000	0,0	0,0	0,000	0	0,000	2022-11-21_144722_0101_Mecarnot_96_99_100



Mesure	Longueur (mm)	Longueur intérieure (mm)	Largeur (mm)	Périmètre (mm)	Périmètre de Crofton (mm)	Périmètre convexe (mm)	Dimètre Eq. (mm)	Surface (mm2)	Surface convexe (mm2)	Surface DiffCAP (mm2)	Surface DiffCEN (mm2)	Surface DiffEAP (mm2)	Finesse	Excentricité	F. Feret	Compacité	Circularité	Rugosité	Index de courbure	Moment inertie 1	Moment inertie 2	Moment inertie 3	Symétrie	Moyenne ndg	Ecart type ndg	Minimum ndg	Maximum ndg	Histo. Kurtose	Histo. Moyenne	Histo. Pic	Histo. Assymétrie	Histo. Ecart type	Histo. Variance	Cooc. Contraste	Cooc. Corrélation	Cooc. Variance globale	Cooc. Homogénéïté	Cooc. Somme des moyennes	Cooc. Somme des variances	Cooc. Somme des entropies	Cooc. Entropie globale	Cooc. Ecart variance	Cooc. Ecart entropie	Cooc. Corrélation IC1	Cooc. Corrélation IC2	RVB R Moy	RVB R Ect	RVB R Min	RVB R Max	RVB V Moy	RVB V Ect	RVB V Min	RVB V Max	RVB B Moy	RVB B Ect	RVB B Min	RVB B Max	TSI T Moy	TSI T Ect	TSI T Min	TSI T Max	TSI S Moy	TSI S Ect	TSI S Min	TSI S Max	TSI I Moy	TSI I Ect	TSI I Min	TSI I Max	CMJ C Moy	CMJ C Ect	CMJ C Min	CMJ C Max	CMJ M Moy	CMJ M Ect	CMJ M Min	CMJ M Max	CMJ J Moy	CMJ J Ect	CMJ J Min	CMJ J Max	Lab L Moy	Lab L Ect	Lab L Min	Lab L Max	Lab a Moy	Lab a Ect	Lab a Min	Lab a Max	Lab b Moy	Lab b Ect	Lab b Min	Lab b Max	Poids estimé (gr)
Moyenne	7,671142	7,724591	3,105677	21,08088	17,55094	17,55876	4,782269	18,02701	18,11615	11,10129	27,45524	2,306378	2,419203	0,9139128	2,418701	0,01361989	1,365871	0,2847527	0,9810191	57,21276	337,7705	-2,008202	0,9016665	128,2701	7,989052	108,6944	149,6944	0,1205496	128,2696	127,7917	0,087601	7,988033	71,13401	6,798242	279,1869	70,42217	0,4168765	258,5493	274,8904	3,983411	5,344427	2,649093	1,678843	-0,3941418	0,9573003	145,9046	7,56562	125,6944	165,	129,6372	8,829639	107,1111	153,3056	109,273	8,394404	89,94444	133,6944	23,849	3,037018	12,63889	39,47222	37,93391	5,70607	19,63889	51,83333	128,2701	7,989052	108,6944	149,6944	109,0954	7,667021	90,	129,3056	125,3628	8,895607	101,6944	147,8889	145,7271	8,364216	121,3056	165,0556	55,14263	3,331406	46,51422	63,81156	2,818244	0,7175048	0,9818896	4,534624	13,29902	0,9147255	10,78958	13,36987	0,04777777
Ecart type	0,5242147	0,5098607	0,2419885	1,321513	1,089873	1,085829	0,2932536	2,18131	2,191321	1,630736	4,53288	2,117671	0,1814872	0,01414717	0,1817245	0,0009191245	0,05826031	0,0226184	0,007138038	10,22047	46,0077	22,13533	0,02443813	7,141314	2,709304	11,84347	9,960532	1,013081	7,141305	8,522532	0,5844702	2,706536	49,75658	4,674776	231,1853	50,04964	0,1093987	14,49478	198,5163	0,309416	0,5126598	1,62736	0,2994813	0,07108583	0,0207443	7,711033	3,229839	13,87808	10,74709	7,503137	2,985694	12,69247	10,58253	6,566819	2,065483	8,912989	8,809148	1,011099	1,414022	4,00106	35,86974	3,309039	1,093249	4,854281	3,531603	7,141314	2,709304	11,84347	9,960532	7,711036	2,954846	10,74709	13,87808	7,503145	2,600409	10,58253	12,69247	6,566818	1,948615	8,809148	8,912989	2,893353	1,065738	5,159272	3,917635	0,5476868	0,2948931	1,038644	1,410679	1,256119	0,5543743	2,276341	2,326924	0,005781222
Mini	6,656	6,759633	2,7405	18,2895	15,27546	15,25497	4,12854	13,38501	13,46946	8,092527	20,74626	1,47458	1,918919	0,868905	1,918919	0,01176471	1,227014	0,2461222	0,9640923	41,87363	251,4196	-67,6026	0,86	115,9273	3,717048	68,	134,	-1,261289	115,9256	112,0918	-1,193115	3,733272	13,93732	1,775218	22,43895	12,44376	0,1958832	233,4982	47,54229	3,249547	4,275385	0,8254412	1,244132	-0,5495515	0,9148155	132,0561	3,397284	76,	149,	116,9887	3,946888	64,	139,	98,17776	4,836253	62,	117,	22,10843	1,763291	0,	28,	32,39134	3,726539	9,	43,	115,9273	3,717048	68,	134,	91,86215	3,181928	65,99999	110,	108,1554	4,071963	78,99999	129,	133,1457	5,08287	98,99999	151,	50,14369	1,506062	28,25043	58,25814	1,903357	0,3366385	-1,856646	1,514807	10,59109	0,05603282	3,134799	6,436404	0,03547488
Maxi	8,84	8,880828	3,7555	23,838	19,85102	19,84134	5,277543	21,87203	22,13593	14,82313	37,90253	14,75426	2,766667	0,9333873	2,766667	0,015625	1,482296	0,3450285	0,9958873	84,18626	443,1966	44,53441	0,95	143,8785	14,79232	126,	173,	3,395269	143,8741	153,9277	1,021918	14,78979	218,738	21,36405	1216,7	215,5397	0,6063057	291,3593	856,0723	4,548981	6,265818	6,932204	2,271755	-0,289055	0,9929457	163,1378	15,98652	145,	189,	146,8446	15,96932	126,	176,	121,8543	13,39634	104,	156,	26,06192	10,41966	19,	250,	43,89583	8,293623	27,	59,	143,8785	14,79232	126,	173,	122,9439	18,8395	106,	179,	138,0113	18,24902	116,	191,	156,8222	13,30588	138,	193,	61,66823	7,493984	53,77231	72,32353	3,967917	1,535028	2,815276	8,319164	15,59101	2,688821	14,48409	18,55383	0,0579684
% à 2,00 x écart type	94,4	94,4	94,4	94,4	91,7	91,7	94,4	97,2	97,2	94,4	91,7	97,2	94,4	94,4	94,4	94,4	97,2	91,7	94,4	91,7	94,4	91,7	100,0	97,2	94,4	94,4	94,4	97,2	97,2	94,4	94,4	94,4	94,4	94,4	97,2	94,4	97,2	97,2	94,4	97,2	97,2	91,7	100,0	97,2	97,2	97,2	91,7	94,4	91,7	97,2	94,4	94,4	94,4	100,0	94,4	94,4	97,2	97,2	97,2	94,4	97,2	100,0	94,4	97,2	94,4	97,2	94,4	94,4	94,4	97,2	97,2	91,7	94,4	97,2	97,2	94,4	94,4	100,0	94,4	97,2	94,4	97,2	97,2	94,4	94,4	97,2	94,4	94,4	91,7	97,2	97,2	97,2	94,4	97,22222
