Date	Heure début	Heure fin	ID Programme	ID Lot	Utilisateur	ID Variété	ID Sous variété	Code variété	Masse totale mesurée	Nb mesures	Nb graines	PMG	Masse Surfacique (gr/mm2)	Masse ext.	PMG ext.	Classifieur	Masse analysée	%Clas. NI (nb)	%Clas. NI (masse)	Masse Clas. NI	Nb Clas. NI	PMG Clas. NI	%Clas. C1 (nb)	%Clas. C1 (masse)	Masse Clas. C1	Nb Clas. C1	PMG Clas. C1	%Clas. C2 (nb)	%Clas. C2 (masse)	Masse Clas. C2	Nb Clas. C2	PMG Clas. C2	%Clas. C3 (nb)	%Clas. C3 (masse)	Masse Clas. C3	Nb Clas. C3	PMG Clas. C3	%Clas. C4 (nb)	%Clas. C4 (masse)	Masse Clas. C4	Nb Clas. C4	PMG Clas. C4	Dossier Mesure
22/11/2022	07:47:32	07:47:32	Blé dur - Métrologie complète + classification cassés	117_118_119	Mecarnot	Blé dur	Standard	0101	1,670	1	36	46,389	0,002580392	0,000	0,000	Graines entiers et cassés_test	1,670	0,0	0,0	0,000	0	0,000	97,2	98,2	1,640	35	46,868	2,8	1,8	0,030	1	29,608	0,0	0,0	0,000	0	0,000	0,0	0,0	0,000	0	0,000	2022-11-22_074732_0101_Mecarnot_117_118_119



Mesure	Longueur (mm)	Longueur intérieure (mm)	Largeur (mm)	Périmètre (mm)	Périmètre de Crofton (mm)	Périmètre convexe (mm)	Dimètre Eq. (mm)	Surface (mm2)	Surface convexe (mm2)	Surface DiffCAP (mm2)	Surface DiffCEN (mm2)	Surface DiffEAP (mm2)	Finesse	Excentricité	F. Feret	Compacité	Circularité	Rugosité	Index de courbure	Moment inertie 1	Moment inertie 2	Moment inertie 3	Symétrie	Moyenne ndg	Ecart type ndg	Minimum ndg	Maximum ndg	Histo. Kurtose	Histo. Moyenne	Histo. Pic	Histo. Assymétrie	Histo. Ecart type	Histo. Variance	Cooc. Contraste	Cooc. Corrélation	Cooc. Variance globale	Cooc. Homogénéïté	Cooc. Somme des moyennes	Cooc. Somme des variances	Cooc. Somme des entropies	Cooc. Entropie globale	Cooc. Ecart variance	Cooc. Ecart entropie	Cooc. Corrélation IC1	Cooc. Corrélation IC2	RVB R Moy	RVB R Ect	RVB R Min	RVB R Max	RVB V Moy	RVB V Ect	RVB V Min	RVB V Max	RVB B Moy	RVB B Ect	RVB B Min	RVB B Max	TSI T Moy	TSI T Ect	TSI T Min	TSI T Max	TSI S Moy	TSI S Ect	TSI S Min	TSI S Max	TSI I Moy	TSI I Ect	TSI I Min	TSI I Max	CMJ C Moy	CMJ C Ect	CMJ C Min	CMJ C Max	CMJ M Moy	CMJ M Ect	CMJ M Min	CMJ M Max	CMJ J Moy	CMJ J Ect	CMJ J Min	CMJ J Max	Lab L Moy	Lab L Ect	Lab L Min	Lab L Max	Lab a Moy	Lab a Ect	Lab a Min	Lab a Max	Lab b Moy	Lab b Ect	Lab b Min	Lab b Max	Poids estimé (gr)
Moyenne	7,619624	7,676171	3,056278	20,93246	17,499	17,51454	4,76988	17,97746	18,06278	11,12109	26,94602	1,933957	2,442878	0,9147676	2,441414	0,01372219	1,367714	0,2878849	0,9805951	55,77802	339,291	1,487091	0,8988888	129,7267	8,036149	110,0833	149,7778	0,2793348	129,7531	129,3613	0,03767032	8,004744	73,20872	5,811566	326,0449	73,18951	0,4287196	261,5547	286,9464	3,959072	5,267222	2,175756	1,625894	-0,4038644	0,9597251	146,4878	7,706962	126,6944	164,6111	131,0737	8,814915	108,7222	153,3333	111,6176	8,350289	91,88889	133,7778	23,98747	2,819754	14,41667	34,02778	35,85505	5,227569	19,55556	49,30556	129,7267	8,036149	110,0833	149,7778	108,5122	7,303096	90,38889	128,3056	123,9263	8,814147	101,6667	146,2778	143,3824	8,279041	121,2222	163,1111	55,63243	3,272559	47,14391	63,78107	2,60793	0,7297958	0,8286208	4,294611	12,66051	0,8791287	10,37657	13,40749	0,04638889
Ecart type	0,5536348	0,5429145	0,2746318	1,458867	1,198048	1,230913	0,3758085	2,823036	2,772988	1,667886	4,260351	0,2535323	0,1766259	0,01435644	0,1777231	0,001014612	0,07553913	0,02480838	0,00754925	10,84376	48,42113	12,87658	0,02796603	9,353745	3,033896	6,742795	10,84515	1,64233	9,317193	11,57833	0,6552246	3,022052	56,25588	4,063879	370,6425	57,89659	0,1096745	19,17292	229,7327	0,3832418	0,588549	1,211286	0,2562932	0,05544695	0,02007603	9,092464	3,515172	6,867069	12,55936	10,11661	3,306954	6,942667	11,87434	9,147597	2,292155	6,785515	8,586525	1,771431	0,6290715	2,152195	3,840472	3,811495	1,058987	3,130889	4,623727	9,353745	3,033896	6,742795	10,84515	9,092465	2,494548	12,55937	6,867069	10,11661	2,435455	11,87435	6,942666	9,147597	1,714073	8,586525	6,785515	3,776007	0,9109277	2,725622	4,408515	0,8972938	0,3178339	1,288478	1,175453	1,188043	0,4553747	1,52977	1,742477	0,007284541
Mini	6,136	6,207918	2,436	16,6455	14,00217	14,04014	3,822537	11,47437	11,49548	7,31073	17,47899	1,41676	2,027027	0,8725969	2,027027	0,01176471	1,203076	0,2384632	0,9664863	33,44696	215,5415	-23,02462	0,82	114,6644	2,900532	94,	138,	-1,240167	114,7497	109,1074	-1,42617	2,889117	8,346998	1,575027	49,67575	7,373312	0,2137198	230,3378	27,71087	2,935582	3,793189	0,7403617	1,16888	-0,5439036	0,8994166	134,018	2,684079	111,	148,	114,9226	3,100603	93,	139,	95,05163	4,460836	77,	121,	21,41098	1,640847	9,	27,	27,10308	2,990942	14,	41,	114,6644	2,900532	94,	138,	85,60924	3,205416	56,	115,	98,1463	5,242775	71,99999	135,	123,282	4,88059	98,99999	150,	49,66642	1,937243	40,87621	58,36414	0,4187919	0,1276511	-2,941746	2,280215	9,079492	0,1401612	6,542884	10,7118	0,02960838
Maxi	8,84	8,936305	3,7555	24,249	20,29773	20,35672	5,592875	24,56381	24,62715	14,41625	35,57008	2,73764	2,96345	0,9619213	2,96	0,01694915	1,680051	0,345316	0,997895	80,76071	447,1776	41,206	0,95	152,6583	16,08517	120,	179,	7,820729	152,5952	161,9004	1,998519	16,0224	256,7173	19,06434	1889,309	262,2388	0,636783	308,7002	1040,227	4,738433	6,206093	5,964432	2,227522	-0,3016758	0,9900647	169,3908	17,57909	140,	199,	156,8537	17,07333	120,	183,	131,718	13,965	105,	156,	28,89509	4,878582	19,	42,	45,26911	8,689631	25,	58,	152,6583	16,08517	120,	179,	120,982	12,5064	107,	144,	140,0775	13,07024	116,	162,	159,9484	12,93475	134,	178,	65,1218	4,904587	51,75627	75,08241	4,215513	1,648345	2,965561	6,822473	15,26791	1,753005	13,18449	17,0287	0,06338427
% à 2,00 x écart type	94,4	94,4	94,4	94,4	94,4	94,4	91,7	91,7	91,7	97,2	94,4	91,7	91,7	91,7	91,7	97,2	94,4	97,2	97,2	91,7	94,4	97,2	97,2	94,4	94,4	94,4	97,2	94,4	94,4	91,7	91,7	94,4	94,4	91,7	94,4	94,4	100,0	94,4	94,4	91,7	94,4	91,7	94,4	97,2	94,4	94,4	94,4	94,4	91,7	94,4	94,4	91,7	94,4	97,2	97,2	97,2	97,2	97,2	94,4	94,4	97,2	91,7	91,7	100,0	100,0	94,4	94,4	94,4	97,2	94,4	97,2	91,7	94,4	94,4	100,0	94,4	91,7	97,2	97,2	97,2	97,2	94,4	100,0	91,7	94,4	97,2	94,4	94,4	97,2	91,7	100,0	97,2	97,2	91,66666
