Date	Heure début	Heure fin	ID Programme	ID Lot	Utilisateur	ID Variété	ID Sous variété	Code variété	Masse totale mesurée	Nb mesures	Nb graines	PMG	Masse Surfacique (gr/mm2)	Masse ext.	PMG ext.	Classifieur	Masse analysée	%Clas. NI (nb)	%Clas. NI (masse)	Masse Clas. NI	Nb Clas. NI	PMG Clas. NI	%Clas. C1 (nb)	%Clas. C1 (masse)	Masse Clas. C1	Nb Clas. C1	PMG Clas. C1	%Clas. C2 (nb)	%Clas. C2 (masse)	Masse Clas. C2	Nb Clas. C2	PMG Clas. C2	%Clas. C3 (nb)	%Clas. C3 (masse)	Masse Clas. C3	Nb Clas. C3	PMG Clas. C3	%Clas. C4 (nb)	%Clas. C4 (masse)	Masse Clas. C4	Nb Clas. C4	PMG Clas. C4	Dossier Mesure
22/11/2022	11:40:54	11:40:54	Blé dur - Métrologie complète + classification cassés	373_376_377	Mecarnot	Blé dur	Standard	0101	1,660	1	36	46,111	0,002585903	0,000	0,000	Graines entiers et cassés_test	1,660	0,0	0,0	0,000	0	0,000	94,4	95,7	1,589	34	46,735	5,6	4,3	0,071	2	35,513	0,0	0,0	0,000	0	0,000	0,0	0,0	0,000	0	0,000	2022-11-22_114054_0101_Mecarnot_373_376_377



Mesure	Longueur (mm)	Longueur intérieure (mm)	Largeur (mm)	Périmètre (mm)	Périmètre de Crofton (mm)	Périmètre convexe (mm)	Dimètre Eq. (mm)	Surface (mm2)	Surface convexe (mm2)	Surface DiffCAP (mm2)	Surface DiffCEN (mm2)	Surface DiffEAP (mm2)	Finesse	Excentricité	F. Feret	Compacité	Circularité	Rugosité	Index de courbure	Moment inertie 1	Moment inertie 2	Moment inertie 3	Symétrie	Moyenne ndg	Ecart type ndg	Minimum ndg	Maximum ndg	Histo. Kurtose	Histo. Moyenne	Histo. Pic	Histo. Assymétrie	Histo. Ecart type	Histo. Variance	Cooc. Contraste	Cooc. Corrélation	Cooc. Variance globale	Cooc. Homogénéïté	Cooc. Somme des moyennes	Cooc. Somme des variances	Cooc. Somme des entropies	Cooc. Entropie globale	Cooc. Ecart variance	Cooc. Ecart entropie	Cooc. Corrélation IC1	Cooc. Corrélation IC2	RVB R Moy	RVB R Ect	RVB R Min	RVB R Max	RVB V Moy	RVB V Ect	RVB V Min	RVB V Max	RVB B Moy	RVB B Ect	RVB B Min	RVB B Max	TSI T Moy	TSI T Ect	TSI T Min	TSI T Max	TSI S Moy	TSI S Ect	TSI S Min	TSI S Max	TSI I Moy	TSI I Ect	TSI I Min	TSI I Max	CMJ C Moy	CMJ C Ect	CMJ C Min	CMJ C Max	CMJ M Moy	CMJ M Ect	CMJ M Min	CMJ M Max	CMJ J Moy	CMJ J Ect	CMJ J Min	CMJ J Max	Lab L Moy	Lab L Ect	Lab L Min	Lab L Max	Lab a Moy	Lab a Ect	Lab a Min	Lab a Max	Lab b Moy	Lab b Ect	Lab b Min	Lab b Max	Poids estimé (gr)
Moyenne	7,310296	7,379739	3,225444	20,60708	17,03677	17,03871	4,75437	17,83172	17,89154	9,660365	23,61375	2,078433	2,227197	0,8931538	2,225164	0,01430707	1,303528	0,2814498	0,97879	61,57054	304,5153	-2,396761	0,9027777	128,9715	8,761449	106,2222	151,4722	0,3556081	128,9793	127,3438	-0,06283994	8,765215	86,39582	5,830524	240,9629	84,78966	0,4421518	260,0659	333,328	4,036052	5,306581	2,318374	1,62227	-0,4290151	0,9675687	145,056	8,37592	121,2778	165,0278	130,0846	9,587437	104,5278	154,8611	111,7673	9,086937	90,30556	137,3056	23,42969	3,044699	12,05556	35,08333	34,15384	5,509642	15,88889	47,11111	128,9715	8,761449	106,2222	151,4722	109,944	8,88121	89,97222	133,7222	124,9154	10,12903	100,1389	150,4722	143,2327	9,375675	117,6944	164,6944	55,21822	3,814147	45,35786	64,30392	2,612237	0,7705545	0,7185333	4,247206	11,9809	1,044896	9,07114	11,87353	0,04611111
Ecart type	0,5458134	0,5589276	0,3055425	1,387536	1,159069	1,151255	0,321536	2,412289	2,417123	1,737582	4,707936	1,265922	0,2279293	0,02480842	0,2279467	0,001084359	0,08233137	0,0240928	0,007140179	11,9685	46,05244	16,41751	0,01850092	11,33587	3,094163	12,05108	11,50721	1,055511	11,33683	13,43206	0,6579766	3,093027	61,35309	4,051563	214,3101	62,07766	0,1095546	22,93159	246,4541	0,3341542	0,5477398	1,443397	0,2942143	0,06609943	0,01726117	11,8857	3,482239	13,53927	13,58407	12,38071	3,398747	12,88515	12,65384	9,934969	2,410586	9,477515	9,051763	2,403388	0,6082376	4,415531	3,639101	3,096331	0,8741811	5,070491	3,470333	11,33587	3,094163	12,05108	11,50721	11,8857	3,485317	13,58407	13,53927	12,38071	3,113078	12,65384	12,88515	9,934962	2,10542	9,051764	9,477515	4,684118	1,251486	5,172569	4,722751	0,8644411	0,2641448	1,254972	1,096372	1,613925	0,6054129	2,419797	2,327571	0,006237946
Mini	6,136	6,143673	2,7405	17,8785	14,65756	14,67014	4,097492	13,18444	13,24778	6,489175	14,46181	1,457099	1,797196	0,8355374	1,794118	0,01219812	1,14814	0,2270392	0,9632954	42,22446	215,5732	-54,14594	0,85	112,779	3,76561	74,	127,	-1,037434	112,7808	107,9609	-1,549818	3,77996	14,2881	1,264498	41,73579	12,99044	0,2506905	227,4428	50,02282	3,234912	4,052998	0,5868452	1,098448	-0,5446283	0,9223816	129,3329	3,233001	87,	142,	112,601	4,301834	70,	129,	96,4161	5,261908	65,	114,	19,11228	2,062163	0,	29,	26,92872	3,903539	4,	41,	112,779	3,76561	74,	127,	80,56832	3,879211	54,	104,	94,8049	5,04465	68,99999	123,	118,2064	5,094121	92,99999	143,	48,59454	1,845821	31,31982	54,72684	0,9110933	0,2714926	-1,302481	2,299784	8,521145	0,1534344	2,788966	6,522613	0,03409369
Maxi	8,525906	8,589322	3,7555	23,838	19,62276	19,64211	5,439349	23,23376	23,30765	13,01415	32,91111	9,368315	2,740741	0,9356749	2,740741	0,01694915	1,492778	0,3305512	0,9918789	84,48592	400,806	47,27759	0,94	157,1536	16,40685	133,	182,	3,701964	157,1625	156,8984	1,13258	16,3993	268,9372	15,70089	932,3805	271,7459	0,6372419	317,2337	1073,375	4,663126	6,292284	6,046556	2,169042	-0,2919785	0,9909725	174,4317	17,1939	151,	201,	160,1951	18,29407	132,	186,	136,7936	14,15728	112,	162,	27,81386	4,990321	17,	42,	41,38359	7,172833	26,	53,	157,1536	16,40685	133,	182,	125,6671	15,89808	113,	168,	142,399	16,82696	126,	185,	158,5839	14,52797	141,	190,	66,56412	6,443544	56,29508	76,15754	4,030258	1,311245	3,598495	7,074007	14,59179	2,527779	12,75374	17,04698	0,06008026
% à 2,00 x écart type	91,7	91,7	100,0	94,4	88,9	88,9	94,4	94,4	94,4	100,0	100,0	97,2	97,2	94,4	97,2	97,2	97,2	94,4	97,2	100,0	94,4	91,7	91,7	97,2	94,4	94,4	94,4	91,7	97,2	97,2	94,4	94,4	94,4	91,7	94,4	91,7	100,0	97,2	91,7	97,2	97,2	94,4	100,0	97,2	94,4	97,2	91,7	91,7	97,2	97,2	94,4	94,4	94,4	97,2	97,2	88,9	94,4	100,0	97,2	94,4	100,0	94,4	100,0	94,4	100,0	97,2	94,4	94,4	94,4	97,2	97,2	97,2	91,7	97,2	97,2	94,4	94,4	97,2	94,4	94,4	88,9	97,2	97,2	94,4	94,4	100,0	97,2	97,2	97,2	97,2	97,2	97,2	88,9	94,44444
