Date	Heure début	Heure fin	ID Programme	ID Lot	Utilisateur	ID Variété	ID Sous variété	Code variété	Masse totale mesurée	Nb mesures	Nb graines	PMG	Masse Surfacique (gr/mm2)	Masse ext.	PMG ext.	Classifieur	Masse analysée	%Clas. NI (nb)	%Clas. NI (masse)	Masse Clas. NI	Nb Clas. NI	PMG Clas. NI	%Clas. C1 (nb)	%Clas. C1 (masse)	Masse Clas. C1	Nb Clas. C1	PMG Clas. C1	%Clas. C2 (nb)	%Clas. C2 (masse)	Masse Clas. C2	Nb Clas. C2	PMG Clas. C2	%Clas. C3 (nb)	%Clas. C3 (masse)	Masse Clas. C3	Nb Clas. C3	PMG Clas. C3	%Clas. C4 (nb)	%Clas. C4 (masse)	Masse Clas. C4	Nb Clas. C4	PMG Clas. C4	Dossier Mesure
22/11/2022	13:24:38	13:24:38	Blé dur - Métrologie complète + classification cassés	435_436_441	Mecarnot	Blé dur	Standard	0101	1,840	1	36	51,111	0,002819795	0,000	0,000	Graines entiers et cassés_test	1,840	0,0	0,0	0,000	0	0,000	91,7	93,7	1,724	33	52,240	8,3	6,3	0,116	3	38,695	0,0	0,0	0,000	0	0,000	0,0	0,0	0,000	0	0,000	2022-11-22_132438_0101_Mecarnot_435_436_441



Mesure	Longueur (mm)	Longueur intérieure (mm)	Largeur (mm)	Périmètre (mm)	Périmètre de Crofton (mm)	Périmètre convexe (mm)	Dimètre Eq. (mm)	Surface (mm2)	Surface convexe (mm2)	Surface DiffCAP (mm2)	Surface DiffCEN (mm2)	Surface DiffEAP (mm2)	Finesse	Excentricité	F. Feret	Compacité	Circularité	Rugosité	Index de courbure	Moment inertie 1	Moment inertie 2	Moment inertie 3	Symétrie	Moyenne ndg	Ecart type ndg	Minimum ndg	Maximum ndg	Histo. Kurtose	Histo. Moyenne	Histo. Pic	Histo. Assymétrie	Histo. Ecart type	Histo. Variance	Cooc. Contraste	Cooc. Corrélation	Cooc. Variance globale	Cooc. Homogénéïté	Cooc. Somme des moyennes	Cooc. Somme des variances	Cooc. Somme des entropies	Cooc. Entropie globale	Cooc. Ecart variance	Cooc. Ecart entropie	Cooc. Corrélation IC1	Cooc. Corrélation IC2	RVB R Moy	RVB R Ect	RVB R Min	RVB R Max	RVB V Moy	RVB V Ect	RVB V Min	RVB V Max	RVB B Moy	RVB B Ect	RVB B Min	RVB B Max	TSI T Moy	TSI T Ect	TSI T Min	TSI T Max	TSI S Moy	TSI S Ect	TSI S Min	TSI S Max	TSI I Moy	TSI I Ect	TSI I Min	TSI I Max	CMJ C Moy	CMJ C Ect	CMJ C Min	CMJ C Max	CMJ M Moy	CMJ M Ect	CMJ M Min	CMJ M Max	CMJ J Moy	CMJ J Ect	CMJ J Min	CMJ J Max	Lab L Moy	Lab L Ect	Lab L Min	Lab L Max	Lab a Moy	Lab a Ect	Lab a Min	Lab a Max	Lab b Moy	Lab b Ect	Lab b Min	Lab b Max	Poids estimé (gr)
Moyenne	7,385344	7,431624	3,191611	20,66987	17,15653	17,17783	4,790913	18,12583	18,15016	10,12872	24,29015	1,810565	2,258158	0,8976101	2,255907	0,0142281	1,298372	0,2804735	0,9816405	60,88017	315,3385	-1,517237	0,9116666	124,1003	9,590883	98,94444	148,7222	0,3820532	124,1077	123,9648	-0,0612449	9,591165	99,50534	6,851153	149,0426	97,79213	0,4149788	250,1456	384,3174	4,150527	5,504431	2,751422	1,693136	-0,427021	0,9707291	139,7096	9,118307	113,5278	161,5	125,0562	10,41864	96,88889	151,8611	107,5349	9,903117	84,44444	135,6111	23,15593	4,429688	9,833333	64,66666	34,14211	5,849828	15,61111	47,80556	124,1003	9,590883	98,94444	148,7222	115,2904	9,664619	93,5	141,4722	129,9438	10,83497	103,1389	158,1111	147,4651	10,10206	119,3889	170,5556	53,24866	4,121636	42,28504	63,16438	2,649749	0,7620772	0,7512484	4,582709	11,58222	1,157921	8,233497	11,12796	0,05111111
Ecart type	0,7272459	0,7160662	0,1993648	1,733182	1,457129	1,454581	0,3592808	2,69286	2,682792	2,142902	5,61532	0,2493759	0,1709829	0,01827472	0,1738386	0,001497904	0,05719605	0,02533739	0,007512499	7,880902	59,26274	15,40509	0,02598076	10,50948	2,74157	12,51875	10,09844	1,35264	10,50983	14,06935	0,740957	2,741335	62,60456	4,274395	121,5378	61,52428	0,1046857	21,44695	244,2245	0,263795	0,4711617	1,724211	0,2806761	0,06606353	0,01624371	11,67949	2,982157	14,45392	10,94557	11,5037	2,898511	13,23459	11,25254	8,781838	2,603114	10,72755	8,782171	2,363496	3,824593	5,85235	75,16759	4,852661	1,252761	6,299373	6,045289	10,50948	2,74157	12,51875	10,09844	11,67948	3,704809	10,94557	14,45392	11,5037	3,259002	11,25254	13,23459	8,781845	2,703043	8,782171	10,72755	4,420708	1,322744	5,454707	4,085414	0,7116539	0,390016	1,497126	1,61301	2,222278	0,6711546	2,690366	2,489569	0,007593312
Mini	5,595732	5,646509	2,7405	16,44	13,63616	13,66196	4,004581	12,59331	12,5722	5,222003	11,47006	1,390121	1,806452	0,8354961	1,806452	0,01190476	1,158681	0,2325505	0,9631009	45,65202	180,4076	-34,20466	0,84	104,3937	4,331952	67,	129,	-0,966952	104,3923	95,89844	-1,506192	4,339309	18,8296	1,326938	14,27176	18,16407	0,2558142	210,1234	68,59992	3,456524	4,308946	0,5761044	1,098811	-0,5434337	0,9108078	119,9932	4,312749	78,	144,	103,2711	4,831992	67,	132,	89,94006	4,704623	57,	113,	18,65804	2,191834	0,	28,	24,41176	3,733593	5,	36,	104,3937	4,331952	67,	129,	86,55653	5,039304	61,	117,	99,2271	6,394653	72,99999	133,	124,6062	5,778162	102,	149,	44,91957	2,347373	29,23369	55,70943	0,4394163	0,1615759	-1,611661	1,654009	7,210032	0,1303658	3,622751	7,800423	0,03551055
Maxi	8,736	8,723191	3,5525	23,6325	19,65619	19,8203	5,426978	23,1282	23,06486	14,07603	35,466	2,748214	2,6	0,924556	2,6	0,01858559	1,394761	0,3638972	0,9931296	75,78219	436,0371	28,06519	0,95	151,5448	19,31748	122,	175,	4,05209	151,5518	162,1328	2,030966	19,31773	373,1746	21,24487	703,8676	368,8749	0,6467923	306,2327	1466,737	4,7465	6,530193	9,579348	2,278399	-0,3133132	0,9905211	168,4435	19,63547	138,	194,	155,7729	20,57893	122,	182,	130,3938	18,00548	106,	153,	28,7924	21,8749	19,	253,	43,63505	8,392605	29,	58,	151,5448	19,31748	122,	175,	135,0068	20,58917	111,	177,	151,7289	18,62061	123,	188,	165,06	16,35332	142,	198,	64,72109	7,491323	51,84549	74,27109	4,365425	1,825068	5,045287	8,329512	15,07689	2,935631	12,86442	17,84951	0,06521678
% à 2,00 x écart type	94,4	94,4	94,4	97,2	97,2	97,2	97,2	97,2	97,2	94,4	94,4	97,2	94,4	94,4	94,4	94,4	94,4	97,2	94,4	100,0	94,4	97,2	97,2	94,4	94,4	94,4	94,4	97,2	94,4	97,2	97,2	94,4	94,4	97,2	97,2	94,4	97,2	94,4	94,4	88,9	94,4	97,2	94,4	100,0	97,2	94,4	94,4	94,4	94,4	94,4	94,4	94,4	94,4	91,7	94,4	91,7	97,2	97,2	94,4	100,0	86,1	97,2	97,2	97,2	100,0	94,4	94,4	94,4	94,4	94,4	94,4	94,4	94,4	94,4	94,4	94,4	94,4	91,7	94,4	97,2	91,7	94,4	94,4	94,4	94,4	94,4	94,4	97,2	97,2	100,0	94,4	100,0	94,4	97,22222
