Date	Heure début	Heure fin	ID Programme	ID Lot	Utilisateur	ID Variété	ID Sous variété	Code variété	Masse totale mesurée	Nb mesures	Nb graines	PMG	Masse Surfacique (gr/mm2)	Masse ext.	PMG ext.	Classifieur	Masse analysée	%Clas. NI (nb)	%Clas. NI (masse)	Masse Clas. NI	Nb Clas. NI	PMG Clas. NI	%Clas. C1 (nb)	%Clas. C1 (masse)	Masse Clas. C1	Nb Clas. C1	PMG Clas. C1	%Clas. C2 (nb)	%Clas. C2 (masse)	Masse Clas. C2	Nb Clas. C2	PMG Clas. C2	%Clas. C3 (nb)	%Clas. C3 (masse)	Masse Clas. C3	Nb Clas. C3	PMG Clas. C3	%Clas. C4 (nb)	%Clas. C4 (masse)	Masse Clas. C4	Nb Clas. C4	PMG Clas. C4	Dossier Mesure
22/11/2022	10:06:08	10:06:08	Blé dur - Métrologie complète + classification cassés	252_261_262	Mecarnot	Blé dur	Standard	0101	2,020	1	36	56,111	0,002819679	0,000	0,000	Graines entiers et cassés_test	2,020	0,0	0,0	0,000	0	0,000	100,0	100,0	2,020	36	56,111	0,0	0,0	0,000	0	0,000	0,0	0,0	0,000	0	0,000	0,0	0,0	0,000	0	0,000	2022-11-22_100608_0101_Mecarnot_252_261_262



Mesure	Longueur (mm)	Longueur intérieure (mm)	Largeur (mm)	Périmètre (mm)	Périmètre de Crofton (mm)	Périmètre convexe (mm)	Dimètre Eq. (mm)	Surface (mm2)	Surface convexe (mm2)	Surface DiffCAP (mm2)	Surface DiffCEN (mm2)	Surface DiffEAP (mm2)	Finesse	Excentricité	F. Feret	Compacité	Circularité	Rugosité	Index de courbure	Moment inertie 1	Moment inertie 2	Moment inertie 3	Symétrie	Moyenne ndg	Ecart type ndg	Minimum ndg	Maximum ndg	Histo. Kurtose	Histo. Moyenne	Histo. Pic	Histo. Assymétrie	Histo. Ecart type	Histo. Variance	Cooc. Contraste	Cooc. Corrélation	Cooc. Variance globale	Cooc. Homogénéïté	Cooc. Somme des moyennes	Cooc. Somme des variances	Cooc. Somme des entropies	Cooc. Entropie globale	Cooc. Ecart variance	Cooc. Ecart entropie	Cooc. Corrélation IC1	Cooc. Corrélation IC2	RVB R Moy	RVB R Ect	RVB R Min	RVB R Max	RVB V Moy	RVB V Ect	RVB V Min	RVB V Max	RVB B Moy	RVB B Ect	RVB B Min	RVB B Max	TSI T Moy	TSI T Ect	TSI T Min	TSI T Max	TSI S Moy	TSI S Ect	TSI S Min	TSI S Max	TSI I Moy	TSI I Ect	TSI I Min	TSI I Max	CMJ C Moy	CMJ C Ect	CMJ C Min	CMJ C Max	CMJ M Moy	CMJ M Ect	CMJ M Min	CMJ M Max	CMJ J Moy	CMJ J Ect	CMJ J Min	CMJ J Max	Lab L Moy	Lab L Ect	Lab L Min	Lab L Max	Lab a Moy	Lab a Ect	Lab a Min	Lab a Max	Lab b Moy	Lab b Ect	Lab b Min	Lab b Max	Poids estimé (gr)
Moyenne	7,829075	7,908262	3,338069	21,89717	18,15206	18,18362	5,025267	19,89982	20,0133	11,45531	27,58278	2,105506	2,302807	0,9032192	2,302739	0,01333741	1,324706	0,2724342	0,9779679	66,19207	355,4898	-4,388423	0,8908333	129,3555	9,312149	105,3056	151,75	0,01477689	129,3619	129,6363	-0,04978164	9,321948	95,00348	5,126911	189,7604	93,64041	0,4301952	260,9235	369,4347	4,136321	5,433091	2,000289	1,613306	-0,4366695	0,9724134	145,7601	9,167727	121,4167	166,8056	130,7352	10,20797	103,9167	155,5	111,5758	9,21008	88,91666	135,1667	24,02368	3,183022	12,44444	40,19444	35,24864	5,352516	17,77778	48,41667	129,3555	9,312149	105,3056	151,75	109,2399	8,78371	88,19444	133,5833	124,2648	9,978895	99,5	151,0833	143,4243	8,925216	119,8333	166,0833	55,46459	3,769253	45,18858	64,58485	2,497664	0,7827469	0,7165065	4,44378	12,443	0,9607921	9,850505	13,29639	0,05611112
Ecart type	0,4945524	0,4803808	0,2937949	1,270896	1,024562	1,015048	0,2961188	2,341287	2,286843	1,670655	4,473017	0,3149975	0,2079488	0,02079549	0,2079346	0,0008500756	0,07836072	0,0197004	0,008319351	11,23633	44,95771	20,89202	0,03817904	10,28309	2,853791	9,686243	10,82788	0,7267893	10,28688	13,79675	0,5554401	2,84689	56,04922	2,382186	157,0103	56,32737	0,08314665	21,05253	224,4595	0,2994696	0,4274484	0,8555495	0,1937478	0,053139	0,01445692	10,55088	3,437109	11,11149	13,0167	11,11139	3,069621	9,830154	11,9385	9,465858	2,294096	9,099374	8,548879	1,978288	1,218925	3,989183	34,45837	3,369123	1,220471	5,281578	4,698552	10,28309	2,853791	9,686243	10,82788	10,55088	3,02513	13,0167	11,11149	11,11139	2,467474	11,9385	9,830154	9,465853	2,063361	8,54888	9,099374	4,212559	1,008646	4,097778	4,463222	0,8732245	0,2726135	1,123551	1,002945	1,355945	0,577549	1,948551	2,557811	0,00660168
Mini	6,864	7,009453	2,7405	19,5225	16,32051	16,46292	4,470873	15,69677	16,17179	7,989635	19,12282	1,590923	1,815789	0,8416006	1,815789	0,01204819	1,175736	0,2213891	0,9516209	41,18964	271,3602	-67,18452	0,78	104,6345	4,627732	70,	131,	-0,9889837	104,6297	101,9863	-1,056984	4,653879	21,65859	1,626279	33,71112	20,46058	0,2746257	210,5247	78,94745	3,50978	4,521391	0,7677463	1,18479	-0,5292229	0,9345719	119,9231	3,612759	81,	145,	104,1557	5,16016	67,	132,	89,83127	5,251796	61,	115,	19,9292	2,198395	0,	28,	28,95724	3,033912	6,	40,	104,6345	4,627732	70,	131,	88,91926	4,010882	65,99999	117,	103,7396	5,662115	76,99999	138,	126,2344	5,426064	97,99999	150,	45,15785	2,121499	29,66477	55,93863	0,7372972	0,3910285	-2,620277	2,239885	9,725944	0,0974226	5,348861	5,876467	0,04425986
Maxi	8,632	8,853135	3,9585	24,8655	20,31157	20,13439	5,583252	24,47936	24,6377	14,51623	34,70528	2,914571	2,740741	0,9419923	2,740741	0,01515152	1,5463	0,2996536	0,9913078	84,90333	440,0054	28,01105	0,94	148,4705	15,6795	119,	173,	1,495222	148,4742	163,9473	1,278121	15,68611	246,0542	11,25795	620,8682	244,9794	0,6088676	300,2228	974,974	4,686472	6,12693	4,54405	1,993435	-0,3207085	0,9927971	166,0807	16,32127	138,	189,	151,2604	16,68734	117,	178,	128,7656	14,61893	105,	157,	27,57961	9,630679	17,	243,	42,10967	8,698402	28,	59,	148,4705	15,6795	119,	173,	135,0769	15,40471	110,	174,	150,8443	15,82038	123,	188,	165,1687	13,27257	140,	194,	63,20863	6,290272	50,58894	72,78635	4,10117	1,500241	2,530451	6,574718	15,32673	2,448203	13,81936	18,04918	0,06902395
% à 2,00 x écart type	100,0	100,0	94,4	97,2	97,2	100,0	100,0	100,0	97,2	97,2	100,0	97,2	94,4	97,2	94,4	97,2	97,2	94,4	97,2	97,2	100,0	94,4	94,4	97,2	97,2	94,4	100,0	97,2	97,2	94,4	94,4	97,2	97,2	94,4	91,7	97,2	97,2	97,2	97,2	97,2	97,2	91,7	94,4	97,2	97,2	97,2	97,2	94,4	100,0	97,2	97,2	94,4	100,0	97,2	97,2	97,2	94,4	97,2	97,2	94,4	97,2	97,2	97,2	97,2	94,4	97,2	97,2	94,4	100,0	97,2	97,2	100,0	94,4	97,2	97,2	100,0	94,4	97,2	94,4	94,4	97,2	97,2	97,2	94,4	100,0	97,2	97,2	97,2	94,4	94,4	94,4	94,4	97,2	100,
