Date	Heure début	Heure fin	ID Programme	ID Lot	Utilisateur	ID Variété	ID Sous variété	Code variété	Masse totale mesurée	Nb mesures	Nb graines	PMG	Masse Surfacique (gr/mm2)	Masse ext.	PMG ext.	Classifieur	Masse analysée	%Clas. NI (nb)	%Clas. NI (masse)	Masse Clas. NI	Nb Clas. NI	PMG Clas. NI	%Clas. C1 (nb)	%Clas. C1 (masse)	Masse Clas. C1	Nb Clas. C1	PMG Clas. C1	%Clas. C2 (nb)	%Clas. C2 (masse)	Masse Clas. C2	Nb Clas. C2	PMG Clas. C2	%Clas. C3 (nb)	%Clas. C3 (masse)	Masse Clas. C3	Nb Clas. C3	PMG Clas. C3	%Clas. C4 (nb)	%Clas. C4 (masse)	Masse Clas. C4	Nb Clas. C4	PMG Clas. C4	Dossier Mesure
22/11/2022	14:23:13	14:23:13	Blé dur - Métrologie complète + classification cassés	138_139_149	Mecarnot	Blé dur	Standard	0101	1,910	1	36	53,056	0,002821496	0,000	0,000	Graines entiers et cassés_test	1,907	0,0	0,0	0,000	0	0,000	97,2	98,0	1,869	35	53,387	2,8	2,0	0,038	1	38,242	0,0	0,0	0,000	0	0,000	0,0	0,0	0,000	0	0,000	2022-11-22_142313_0101_Mecarnot_138_139_149



Mesure	Longueur (mm)	Longueur intérieure (mm)	Largeur (mm)	Périmètre (mm)	Périmètre de Crofton (mm)	Périmètre convexe (mm)	Dimètre Eq. (mm)	Surface (mm2)	Surface convexe (mm2)	Surface DiffCAP (mm2)	Surface DiffCEN (mm2)	Surface DiffEAP (mm2)	Finesse	Excentricité	F. Feret	Compacité	Circularité	Rugosité	Index de courbure	Moment inertie 1	Moment inertie 2	Moment inertie 3	Symétrie	Moyenne ndg	Ecart type ndg	Minimum ndg	Maximum ndg	Histo. Kurtose	Histo. Moyenne	Histo. Pic	Histo. Assymétrie	Histo. Ecart type	Histo. Variance	Cooc. Contraste	Cooc. Corrélation	Cooc. Variance globale	Cooc. Homogénéïté	Cooc. Somme des moyennes	Cooc. Somme des variances	Cooc. Somme des entropies	Cooc. Entropie globale	Cooc. Ecart variance	Cooc. Ecart entropie	Cooc. Corrélation IC1	Cooc. Corrélation IC2	RVB R Moy	RVB R Ect	RVB R Min	RVB R Max	RVB V Moy	RVB V Ect	RVB V Min	RVB V Max	RVB B Moy	RVB B Ect	RVB B Min	RVB B Max	TSI T Moy	TSI T Ect	TSI T Min	TSI T Max	TSI S Moy	TSI S Ect	TSI S Min	TSI S Max	TSI I Moy	TSI I Ect	TSI I Min	TSI I Max	CMJ C Moy	CMJ C Ect	CMJ C Min	CMJ C Max	CMJ M Moy	CMJ M Ect	CMJ M Min	CMJ M Max	CMJ J Moy	CMJ J Ect	CMJ J Min	CMJ J Max	Lab L Moy	Lab L Ect	Lab L Min	Lab L Max	Lab a Moy	Lab a Ect	Lab a Min	Lab a Max	Lab b Moy	Lab b Ect	Lab b Min	Lab b Max	Poids estimé (gr)
Moyenne	7,411444	7,471466	3,284653	20,90963	17,33628	17,35646	4,876073	18,77238	18,78352	9,99732	23,72152	1,864275	2,21732	0,893239	2,215117	0,01408472	1,284407	0,2681949	0,9801042	64,84919	317,0361	0,9022825	0,9111111	136,2784	10,49677	107,3333	159,5	0,003396769	136,2797	135,7266	-0,1538424	10,48147	121,7842	7,261068	173,9681	120,9787	0,382728	274,9431	476,6539	4,248926	5,632921	2,574548	1,719258	-0,4311698	0,9728625	152,3724	10,71135	121,6944	175,5278	138,2397	11,41481	106,1944	163,8611	118,2247	10,09612	91,72222	142,3056	25,15112	3,164156	12,91667	36,61111	33,84624	5,327326	17,27778	47,36111	136,2784	10,49677	107,3333	159,5	102,6276	10,7434	79,47222	133,3056	116,7603	11,29914	91,13889	148,8056	136,7753	9,755376	112,6944	163,2778	58,27284	4,331556	45,8912	67,72251	1,951032	0,6824712	0,5975626	3,691771	12,6412	1,095937	9,58195	13,45544	0,0529662
Ecart type	0,4452613	0,4511715	0,3359164	1,384798	1,102579	1,110265	0,3594359	2,744583	2,757816	1,298406	3,356012	0,2670279	0,1828507	0,01980961	0,1820592	0,0008746564	0,06974001	0,02119464	0,009351224	13,40668	38,00068	14,06706	0,02144474	8,838351	3,444879	12,88841	12,21224	0,9741383	8,825271	11,04189	0,5172207	3,452978	78,47729	4,295341	181,7114	78,0955	0,1060866	18,02978	310,6361	0,3424321	0,5024937	1,26799	0,2583765	0,06182941	0,01642769	9,520672	4,152656	14,88254	13,8333	9,649219	3,678679	13,88408	12,92962	7,836889	2,515862	10,44459	9,579549	1,651855	0,6763854	4,437059	4,296496	4,121592	1,036062	5,231374	4,391613	8,838351	3,444879	12,88841	12,21224	9,520669	4,124311	13,8333	14,88254	9,649227	3,915089	12,92963	13,88408	7,836888	2,625068	9,579551	10,44459	3,640414	1,578174	5,612657	4,799125	0,6947455	0,3343538	1,059335	1,274775	1,782332	0,5812411	2,305063	2,076128	0,007743832
Mini	6,24	6,358113	2,639	17,262	14,70078	14,84049	4,154506	13,5539	13,46946	7,037514	16,72993	1,520139	1,799472	0,844277	1,789474	0,01265823	1,17242	0,2274721	0,9592812	42,68238	237,0056	-37,20987	0,87	112,505	4,223409	76,	134,	-0,8798612	112,5293	108,0117	-1,469586	4,208012	17,70736	1,554084	16,27907	16,62746	0,2042745	226,9161	64,57018	3,371036	4,344515	0,7275242	1,146278	-0,5432091	0,9313857	130,1405	3,390672	85,	148,	112,5883	4,45046	74,	137,	94,83831	4,197491	68,	122,	21,50746	1,75866	0,	30,	25,29598	3,626935	4,	39,	112,505	4,223409	76,	134,	84,12136	4,266411	51,	114,	97,60599	4,34614	63,	125,	121,2051	5,13	89,99999	144,	48,63438	1,679737	32,36096	57,64808	0,9524974	0,01933642	-1,609177	1,352347	8,869387	0,2207146	5,271791	9,528008	0,03824228
Maxi	8,216001	8,254414	3,9585	23,2215	19,3236	19,42745	5,608475	24,70104	24,85938	12,25564	31,56152	2,460785	2,566667	0,9245495	2,566667	0,01666667	1,410119	0,3218883	0,9943509	93,67372	382,9746	37,96405	0,95	154,0108	19,42637	129,	186,	2,851733	154,0008	160,0039	0,8453572	19,42566	377,3561	18,28158	810,2053	377,7502	0,6077053	310,7693	1502,341	4,845613	6,403143	5,973833	2,20227	-0,2943432	0,9932522	170,8786	21,79817	141,	204,	157,394	20,89527	130,	192,	133,7949	16,00683	111,	165,	27,85603	5,121322	20,	52,	42,78043	7,258619	26,	58,	154,0108	19,42637	129,	186,	124,8594	21,55725	107,	170,	142,4117	20,67816	118,	181,	160,1617	16,53512	133,	187,	65,44178	8,311447	54,74993	78,02428	3,915243	1,970802	3,183545	7,689201	15,48858	3,08994	14,53138	16,93379	0,0696939
% à 2,00 x écart type	97,2	97,2	94,4	97,2	97,2	97,2	94,4	97,2	97,2	97,2	91,7	94,4	97,2	97,2	97,2	94,4	100,0	94,4	97,2	94,4	94,4	94,4	100,0	94,4	97,2	94,4	94,4	94,4	94,4	94,4	94,4	97,2	94,4	91,7	91,7	97,2	94,4	97,2	97,2	91,7	94,4	94,4	94,4	97,2	94,4	97,2	94,4	94,4	97,2	97,2	97,2	94,4	94,4	97,2	94,4	97,2	94,4	97,2	91,7	94,4	94,4	94,4	100,0	94,4	94,4	94,4	97,2	94,4	94,4	97,2	94,4	97,2	94,4	97,2	91,7	94,4	94,4	97,2	94,4	94,4	97,2	97,2	91,7	94,4	94,4	97,2	97,2	94,4	97,2	97,2	97,2	97,2	100,0	97,22222
