Date	Heure début	Heure fin	ID Programme	ID Lot	Utilisateur	ID Variété	ID Sous variété	Code variété	Masse totale mesurée	Nb mesures	Nb graines	PMG	Masse Surfacique (gr/mm2)	Masse ext.	PMG ext.	Classifieur	Masse analysée	%Clas. NI (nb)	%Clas. NI (masse)	Masse Clas. NI	Nb Clas. NI	PMG Clas. NI	%Clas. C1 (nb)	%Clas. C1 (masse)	Masse Clas. C1	Nb Clas. C1	PMG Clas. C1	%Clas. C2 (nb)	%Clas. C2 (masse)	Masse Clas. C2	Nb Clas. C2	PMG Clas. C2	%Clas. C3 (nb)	%Clas. C3 (masse)	Masse Clas. C3	Nb Clas. C3	PMG Clas. C3	%Clas. C4 (nb)	%Clas. C4 (masse)	Masse Clas. C4	Nb Clas. C4	PMG Clas. C4	Dossier Mesure
22/11/2022	09:30:27	09:30:27	Blé dur - Métrologie complète + classification cassés	229_230_233	Mecarnot	Blé dur	Standard	0101	1,470	1	36	40,833	0,002466958	0,000	0,000	Graines entiers et cassés_test	1,470	0,0	0,0	0,000	0	0,000	97,2	97,9	1,439	35	41,116	2,8	2,1	0,031	1	30,937	0,0	0,0	0,000	0	0,000	0,0	0,0	0,000	0	0,000	2022-11-22_093027_0101_Mecarnot_229_230_233



Mesure	Longueur (mm)	Longueur intérieure (mm)	Largeur (mm)	Périmètre (mm)	Périmètre de Crofton (mm)	Périmètre convexe (mm)	Dimètre Eq. (mm)	Surface (mm2)	Surface convexe (mm2)	Surface DiffCAP (mm2)	Surface DiffCEN (mm2)	Surface DiffEAP (mm2)	Finesse	Excentricité	F. Feret	Compacité	Circularité	Rugosité	Index de courbure	Moment inertie 1	Moment inertie 2	Moment inertie 3	Symétrie	Moyenne ndg	Ecart type ndg	Minimum ndg	Maximum ndg	Histo. Kurtose	Histo. Moyenne	Histo. Pic	Histo. Assymétrie	Histo. Ecart type	Histo. Variance	Cooc. Contraste	Cooc. Corrélation	Cooc. Variance globale	Cooc. Homogénéïté	Cooc. Somme des moyennes	Cooc. Somme des variances	Cooc. Somme des entropies	Cooc. Entropie globale	Cooc. Ecart variance	Cooc. Ecart entropie	Cooc. Corrélation IC1	Cooc. Corrélation IC2	RVB R Moy	RVB R Ect	RVB R Min	RVB R Max	RVB V Moy	RVB V Ect	RVB V Min	RVB V Max	RVB B Moy	RVB B Ect	RVB B Min	RVB B Max	TSI T Moy	TSI T Ect	TSI T Min	TSI T Max	TSI S Moy	TSI S Ect	TSI S Min	TSI S Max	TSI I Moy	TSI I Ect	TSI I Min	TSI I Max	CMJ C Moy	CMJ C Ect	CMJ C Min	CMJ C Max	CMJ M Moy	CMJ M Ect	CMJ M Min	CMJ M Max	CMJ J Moy	CMJ J Ect	CMJ J Min	CMJ J Max	Lab L Moy	Lab L Ect	Lab L Min	Lab L Max	Lab a Moy	Lab a Ect	Lab a Min	Lab a Max	Lab b Moy	Lab b Ect	Lab b Min	Lab b Max	Poids estimé (gr)
Moyenne	7,501322	7,536448	2,915306	20,35592	16,96984	17,0195	4,582042	16,5521	16,58817	10,65011	27,05794	1,866423	2,530478	0,9182727	2,527141	0,01394455	1,393302	0,2985149	0,9832183	50,72225	321,8058	-6,490715	0,8986111	125,7593	7,332804	108,3611	144,5	0,009242553	125,7623	126,0599	0,1093735	7,327508	61,8549	4,558806	311,4643	60,98749	0,4689454	253,5762	239,3911	3,872283	5,065789	1,777697	1,520007	-0,4263234	0,962499	143,4151	7,026426	125,5556	160,6944	127,044	8,093174	107,4167	147,8611	106,8165	7,622562	89,88889	128,3611	23,63396	2,600153	14,58333	32,33333	38,58485	5,215338	21,88889	50,77778	125,7593	7,332804	108,3611	144,5	111,5849	6,81501	94,30556	129,4444	127,956	7,856321	107,1389	147,5833	148,1835	7,539307	126,6389	165,1111	54,13472	2,952336	46,61538	61,8344	2,909546	0,6466712	1,435091	4,310575	13,28904	0,8668776	10,89084	13,59068	0,04083334
Ecart type	0,5648947	0,5483072	0,2816624	1,306847	1,09268	1,076022	0,287743	2,105959	2,126159	1,679565	5,468523	0,2491851	0,2767706	0,01944347	0,2778224	0,00107404	0,1067135	0,02153208	0,007047182	9,817043	46,69992	16,94517	0,02562039	9,367866	2,854332	7,528291	12,35921	0,9478614	9,365104	10,86244	0,5575176	2,857011	56,31174	2,890097	193,4809	56,64344	0,1139069	19,10835	225,2175	0,3398812	0,5442672	0,9650784	0,2781809	0,06647675	0,01849977	9,800783	3,179744	9,382147	13,41811	10,06673	3,12802	7,896465	13,29192	8,484257	2,341844	6,32797	10,45666	1,397816	0,5430925	2,453739	3,308239	3,107388	1,149417	4,747969	3,629441	9,367866	2,854332	7,528291	12,35921	9,800784	2,117718	13,41811	9,382147	10,06673	2,161973	13,29192	7,896465	8,484253	1,915575	10,45666	6,32797	3,834917	0,8020239	3,250179	4,945336	0,6892855	0,274523	1,362306	0,8793842	1,262739	0,3850262	1,858701	2,064273	0,00519531
Mini	6,032	6,113518	2,436	16,6455	14,00217	14,23629	3,996181	12,54053	12,41386	7,082361	15,79141	1,419654	2,	0,8702203	2,	0,01190476	1,210181	0,2504163	0,9639353	32,91192	214,1488	-44,89935	0,83	112,3455	3,502262	89,	124,	-1,294742	112,3703	107,8672	-1,145419	3,453525	11,92683	0,8873419	41,80469	12,18207	0,2386286	226,0898	47,69734	3,21862	3,914235	0,4701437	0,9833462	-0,5546152	0,9233191	128,3898	3,547788	100,	141,	112,1875	4,073205	87,	126,	94,92495	4,147864	71,	106,	20,95568	1,933367	6,	28,	29,62724	3,042763	9,	43,	112,3455	3,502262	89,	124,	87,48029	3,692182	64,	116,	101,0456	4,517441	75,99999	135,	124,7827	3,844442	103,	153,	48,38867	1,698599	38,2677	53,62688	1,048046	0,1961429	-2,562213	2,754291	9,877356	0,0391016	7,586019	8,736089	0,03093696
Maxi	8,736	8,710123	3,7555	23,427	19,51842	19,56657	5,272446	21,82981	21,77703	14,80002	38,85791	2,679064	3,12	0,9510288	3,12	0,01724138	1,670016	0,3433028	0,9931445	82,13237	432,4969	35,1271	0,94	150,5583	16,5835	119,	173,	3,103834	150,5631	161,0234	1,094665	16,568	274,4986	12,50108	1030,667	275,2512	0,7050112	304,013	1092,057	4,675644	6,02436	3,989585	2,001371	-0,300732	0,991201	167,5197	16,88366	139,	191,	153,9544	18,16529	120,	179,	130,2173	14,97288	102,	152,	27,36109	4,000996	18,	46,	44,2781	8,022523	28,	59,	150,5583	16,5835	119,	173,	126,6102	13,0799	114,	155,	142,8125	13,49632	129,	168,	160,075	11,59891	149,	184,	64,14951	5,195446	51,59323	73,2745	4,003555	1,314906	4,706629	6,57382	15,44584	1,615435	14,65711	17,21685	0,05385321
% à 2,00 x écart type	91,7	91,7	94,4	91,7	91,7	91,7	88,9	91,7	91,7	94,4	94,4	94,4	97,2	97,2	94,4	97,2	94,4	94,4	97,2	94,4	91,7	94,4	97,2	94,4	91,7	94,4	91,7	91,7	94,4	94,4	97,2	91,7	91,7	97,2	97,2	91,7	94,4	94,4	91,7	97,2	97,2	97,2	100,0	100,0	94,4	94,4	91,7	97,2	91,7	94,4	91,7	94,4	91,7	94,4	94,4	97,2	94,4	91,7	94,4	97,2	94,4	97,2	94,4	94,4	94,4	94,4	91,7	94,4	91,7	94,4	97,2	91,7	97,2	94,4	91,7	91,7	94,4	94,4	97,2	94,4	97,2	94,4	97,2	94,4	91,7	94,4	91,7	94,4	91,7	97,2	97,2	97,2	97,2	91,66666
