Date	Heure début	Heure fin	ID Programme	ID Lot	Utilisateur	ID Variété	ID Sous variété	Code variété	Masse totale mesurée	Nb mesures	Nb graines	PMG	Masse Surfacique (gr/mm2)	Masse ext.	PMG ext.	Classifieur	Masse analysée	%Clas. NI (nb)	%Clas. NI (masse)	Masse Clas. NI	Nb Clas. NI	PMG Clas. NI	%Clas. C1 (nb)	%Clas. C1 (masse)	Masse Clas. C1	Nb Clas. C1	PMG Clas. C1	%Clas. C2 (nb)	%Clas. C2 (masse)	Masse Clas. C2	Nb Clas. C2	PMG Clas. C2	%Clas. C3 (nb)	%Clas. C3 (masse)	Masse Clas. C3	Nb Clas. C3	PMG Clas. C3	%Clas. C4 (nb)	%Clas. C4 (masse)	Masse Clas. C4	Nb Clas. C4	PMG Clas. C4	Dossier Mesure
22/11/2022	14:13:36	14:13:36	Blé dur - Métrologie complète + classification cassés	112_116_126	Mecarnot	Blé dur	Standard	0101	1,670	1	36	46,389	0,002600882	0,000	0,000	Graines entiers et cassés_test	1,670	0,0	0,0	0,000	0	0,000	100,0	100,0	1,670	36	46,389	0,0	0,0	0,000	0	0,000	0,0	0,0	0,000	0	0,000	0,0	0,0	0,000	0	0,000	2022-11-22_141336_0101_Mecarnot_112_116_126



Mesure	Longueur (mm)	Longueur intérieure (mm)	Largeur (mm)	Périmètre (mm)	Périmètre de Crofton (mm)	Périmètre convexe (mm)	Dimètre Eq. (mm)	Surface (mm2)	Surface convexe (mm2)	Surface DiffCAP (mm2)	Surface DiffCEN (mm2)	Surface DiffEAP (mm2)	Finesse	Excentricité	F. Feret	Compacité	Circularité	Rugosité	Index de courbure	Moment inertie 1	Moment inertie 2	Moment inertie 3	Symétrie	Moyenne ndg	Ecart type ndg	Minimum ndg	Maximum ndg	Histo. Kurtose	Histo. Moyenne	Histo. Pic	Histo. Assymétrie	Histo. Ecart type	Histo. Variance	Cooc. Contraste	Cooc. Corrélation	Cooc. Variance globale	Cooc. Homogénéïté	Cooc. Somme des moyennes	Cooc. Somme des variances	Cooc. Somme des entropies	Cooc. Entropie globale	Cooc. Ecart variance	Cooc. Ecart entropie	Cooc. Corrélation IC1	Cooc. Corrélation IC2	RVB R Moy	RVB R Ect	RVB R Min	RVB R Max	RVB V Moy	RVB V Ect	RVB V Min	RVB V Max	RVB B Moy	RVB B Ect	RVB B Min	RVB B Max	TSI T Moy	TSI T Ect	TSI T Min	TSI T Max	TSI S Moy	TSI S Ect	TSI S Min	TSI S Max	TSI I Moy	TSI I Ect	TSI I Min	TSI I Max	CMJ C Moy	CMJ C Ect	CMJ C Min	CMJ C Max	CMJ M Moy	CMJ M Ect	CMJ M Min	CMJ M Max	CMJ J Moy	CMJ J Ect	CMJ J Min	CMJ J Max	Lab L Moy	Lab L Ect	Lab L Min	Lab L Max	Lab a Moy	Lab a Ect	Lab a Min	Lab a Max	Lab b Moy	Lab b Ect	Lab b Min	Lab b Max	Poids estimé (gr)
Moyenne	7,437992	7,508085	3,138042	20,70412	17,20961	17,22564	4,755938	17,83583	17,90737	10,33647	25,02606	2,145164	2,326666	0,904282	2,325194	0,01404592	1,328984	0,27908	0,978783	58,38137	319,7386	0,1161627	0,9	129,2185	9,095426	108,4444	154,4167	0,1374654	129,2166	128,5999	0,3044142	9,087006	88,22929	6,771793	178,0809	86,62103	0,4082896	260,3517	339,7124	4,111831	5,469018	2,627532	1,702895	-0,4189485	0,9689664	145,2011	8,487901	124,5556	167,5	130,2952	9,943274	106,5556	157,7778	112,1569	9,564558	92,05556	140,1944	23,37036	3,260468	12,52778	37,36111	33,7055	5,861068	15,52778	47,	129,2185	9,095426	108,4444	154,4167	109,7989	8,033724	87,5	130,4444	124,7048	9,754505	97,22222	148,4444	142,8431	9,672604	114,8056	162,9444	55,29152	3,603273	46,30591	65,36668	2,609599	0,7825133	0,5577313	4,691058	11,86038	0,889158	9,275908	11,9133	0,04638888
Ecart type	0,5121096	0,5154542	0,278355	1,324174	1,095802	1,098899	0,3061064	2,306118	2,315715	1,683178	4,534926	1,715879	0,2151537	0,01830111	0,2162246	0,0009268534	0,07580298	0,02564967	0,007803579	10,2197	46,58648	14,06375	0,02677063	12,09313	2,379973	10,45478	12,32742	1,456445	12,0812	15,57067	0,469582	2,37815	49,73434	4,146297	90,42128	50,94644	0,09652583	24,45612	201,7787	0,2684526	0,4432215	1,344232	0,2431243	0,0540836	0,01437772	13,59917	3,14656	12,28695	14,97312	13,00036	2,657557	10,95811	13,29601	9,933602	1,757828	8,640809	10,15113	1,734941	0,8975364	3,730402	7,634544	3,633733	0,9417309	4,153219	3,62859	12,09313	2,379973	10,45478	12,32742	13,59917	1,601008	14,97312	12,28695	13,00035	1,908443	13,29602	10,95811	9,933599	2,092524	10,15114	8,640809	5,031065	0,6582106	4,461597	4,993855	0,589242	0,271494	1,520926	0,9785054	2,047718	0,4942901	2,435128	3,148259	0,00599794
Mini	6,552	6,576718	2,639	18,2895	15,16134	15,03752	4,162587	13,60668	13,63835	7,29244	19,22097	1,49413	1,971429	0,8689785	1,971429	0,01204819	1,20242	0,2387234	0,9578702	41,35842	239,3439	-30,86431	0,84	106,443	5,995276	81,	131,	-1,196339	106,4639	102,9785	-0,3507313	5,987396	35,84892	2,278947	39,39264	31,9002	0,2289142	214,1136	123,3278	3,539646	4,573869	0,9382271	1,314541	-0,4976223	0,9312998	118,1193	4,160903	95,	142,	106,3227	6,554444	78,	134,	94,90522	6,441116	71,	120,	21,04531	2,181046	2,	30,	26,32343	3,638383	6,	41,	106,443	5,995276	81,	131,	80,55832	5,589737	59,	105,	95,26672	6,083328	74,99999	123,	121,6692	6,026189	95,99999	142,	45,71506	2,432865	34,6743	56,69275	1,065161	0,2060024	-2,267976	2,88978	8,090202	0,1021481	3,898477	6,999895	0,03538937
Maxi	8,632	8,645073	3,7555	23,427	19,51842	19,46378	5,342098	22,41039	22,54762	14,76726	38,37427	12,18476	2,964286	0,9456242	2,964286	0,01587302	1,525629	0,3751129	0,9929401	81,50336	435,9191	31,58678	0,94	155,8394	15,59249	131,	174,	7,30481	155,8165	169,0957	1,212304	15,58085	242,7628	18,15344	429,6228	239,9505	0,5500211	314,7046	951,6484	4,657073	6,302612	5,864497	2,198469	-0,3058983	0,9898093	174,4417	17,45553	150,	196,	159,7333	16,99417	132,	180,	133,3308	12,92998	113,	159,	27,62524	6,517394	19,	66,	39,69087	7,886809	23,	54,	155,8394	15,59249	131,	174,	136,8807	11,98724	113,	160,	148,6773	14,89244	121,	177,	160,0948	15,03896	135,	184,	66,36784	5,508047	56,07847	73,89985	3,456339	1,287818	4,043258	6,704719	15,79442	1,882423	13,72547	18,19237	0,05828678
% à 2,00 x écart type	94,4	94,4	97,2	97,2	97,2	97,2	100,0	100,0	97,2	94,4	91,7	97,2	97,2	97,2	97,2	97,2	97,2	97,2	97,2	97,2	94,4	94,4	97,2	97,2	91,7	94,4	100,0	97,2	97,2	97,2	100,0	91,7	91,7	94,4	94,4	91,7	100,0	97,2	91,7	94,4	97,2	94,4	97,2	97,2	94,4	97,2	91,7	94,4	100,0	97,2	91,7	94,4	100,0	97,2	100,0	94,4	100,0	97,2	94,4	94,4	94,4	97,2	94,4	94,4	100,0	97,2	91,7	94,4	100,0	97,2	94,4	100,0	94,4	97,2	97,2	100,0	94,4	97,2	97,2	100,0	94,4	97,2	94,4	94,4	100,0	94,4	94,4	97,2	97,2	100,0	97,2	94,4	100,0	100,
