Date	Heure début	Heure fin	ID Programme	ID Lot	Utilisateur	ID Variété	ID Sous variété	Code variété	Masse totale mesurée	Nb mesures	Nb graines	PMG	Masse Surfacique (gr/mm2)	Masse ext.	PMG ext.	Classifieur	Masse analysée	%Clas. NI (nb)	%Clas. NI (masse)	Masse Clas. NI	Nb Clas. NI	PMG Clas. NI	%Clas. C1 (nb)	%Clas. C1 (masse)	Masse Clas. C1	Nb Clas. C1	PMG Clas. C1	%Clas. C2 (nb)	%Clas. C2 (masse)	Masse Clas. C2	Nb Clas. C2	PMG Clas. C2	%Clas. C3 (nb)	%Clas. C3 (masse)	Masse Clas. C3	Nb Clas. C3	PMG Clas. C3	%Clas. C4 (nb)	%Clas. C4 (masse)	Masse Clas. C4	Nb Clas. C4	PMG Clas. C4	Dossier Mesure
22/11/2022	13:36:50	13:36:50	Blé dur - Métrologie complète + classification cassés	459_460_461	Mecarnot	Blé dur	Standard	0101	1,900	1	36	52,778	0,002646908	0,000	0,000	Graines entiers et cassés_test	1,900	0,0	0,0	0,000	0	0,000	100,0	100,0	1,900	36	52,778	0,0	0,0	0,000	0	0,000	0,0	0,0	0,000	0	0,000	0,0	0,0	0,000	0	0,000	2022-11-22_133650_0101_Mecarnot_459_460_461



Mesure	Longueur (mm)	Longueur intérieure (mm)	Largeur (mm)	Périmètre (mm)	Périmètre de Crofton (mm)	Périmètre convexe (mm)	Dimètre Eq. (mm)	Surface (mm2)	Surface convexe (mm2)	Surface DiffCAP (mm2)	Surface DiffCEN (mm2)	Surface DiffEAP (mm2)	Finesse	Excentricité	F. Feret	Compacité	Circularité	Rugosité	Index de courbure	Moment inertie 1	Moment inertie 2	Moment inertie 3	Symétrie	Moyenne ndg	Ecart type ndg	Minimum ndg	Maximum ndg	Histo. Kurtose	Histo. Moyenne	Histo. Pic	Histo. Assymétrie	Histo. Ecart type	Histo. Variance	Cooc. Contraste	Cooc. Corrélation	Cooc. Variance globale	Cooc. Homogénéïté	Cooc. Somme des moyennes	Cooc. Somme des variances	Cooc. Somme des entropies	Cooc. Entropie globale	Cooc. Ecart variance	Cooc. Ecart entropie	Cooc. Corrélation IC1	Cooc. Corrélation IC2	RVB R Moy	RVB R Ect	RVB R Min	RVB R Max	RVB V Moy	RVB V Ect	RVB V Min	RVB V Max	RVB B Moy	RVB B Ect	RVB B Min	RVB B Max	TSI T Moy	TSI T Ect	TSI T Min	TSI T Max	TSI S Moy	TSI S Ect	TSI S Min	TSI S Max	TSI I Moy	TSI I Ect	TSI I Min	TSI I Max	CMJ C Moy	CMJ C Ect	CMJ C Min	CMJ C Max	CMJ M Moy	CMJ M Ect	CMJ M Min	CMJ M Max	CMJ J Moy	CMJ J Ect	CMJ J Min	CMJ J Max	Lab L Moy	Lab L Ect	Lab L Min	Lab L Max	Lab a Moy	Lab a Ect	Lab a Min	Lab a Max	Lab b Moy	Lab b Ect	Lab b Min	Lab b Max	Poids estimé (gr)
Moyenne	7,81635	7,894079	3,346681	21,8515	18,11669	18,14001	5,023578	19,9394	20,02767	11,25404	27,33365	2,00853	2,293873	0,9030068	2,291566	0,01336112	1,321439	0,2743956	0,9781992	66,28486	351,9199	-0,4081432	0,9038888	121,9623	8,579928	103,1389	146,7222	0,2738726	121,9511	119,4104	0,3780614	8,560241	78,9528	6,051379	214,0525	77,64886	0,4387741	245,6933	304,5441	4,024776	5,340426	2,512476	1,662179	-0,4148192	0,9664744	138,2912	7,747358	119,6389	160,	122,7522	9,337551	101,5833	150,2222	104,8433	9,396272	86,	133,3333	22,82318	3,224871	12,16667	42,	35,98055	6,228621	16,41667	50,38889	121,9623	8,579928	103,1389	146,7222	116,7088	8,049779	95,	135,3611	132,2478	9,677701	104,7778	153,4167	150,1567	9,698458	121,6667	169,	52,41456	3,619425	44,26981	62,54325	2,964035	0,7722431	0,6834892	4,621713	11,96881	0,851371	9,662149	11,98803	0,05277777
Ecart type	0,4989876	0,4888902	0,3528138	1,581445	1,206026	1,192727	0,3937843	3,080245	3,062766	1,394734	3,602375	0,2801981	0,1711361	0,01611267	0,1707205	0,0008753259	0,05974612	0,02787967	0,01100779	14,2296	42,64643	17,49601	0,02176616	11,1161	2,370079	11,72166	9,118393	1,151798	11,10206	13,64611	0,6366944	2,382245	43,41866	3,784437	189,7756	43,13569	0,09416522	22,50318	170,2563	0,2968602	0,5161982	1,432198	0,2560862	0,04589596	0,01251864	12,41154	2,504416	13,93268	10,49603	11,7834	2,608567	12,36791	9,623788	9,440826	2,096449	9,116529	7,509253	1,492267	0,9816999	4,133199	36,06938	3,721049	1,063141	5,288221	4,063918	11,1161	2,370079	11,72166	9,118393	12,41153	2,249721	10,49603	13,93268	11,78339	2,521318	9,62379	12,36791	9,440834	2,216338	7,509254	9,116529	4,644108	0,9420576	5,072409	3,611416	0,4811268	0,3108855	1,451794	1,09174	1,805335	0,51673	2,207535	2,334469	0,008153127
Mini	6,552	6,668987	2,436	17,4675	14,8956	14,95149	3,914617	12,03384	12,16051	8,2918	20,07118	1,636188	2,	0,8689011	2,	0,01190476	1,217105	0,2366311	0,9402927	34,04386	247,9504	-53,05844	0,86	99,89835	4,038565	82,	130,	-1,180331	99,85953	90,90234	-0,8185368	4,063985	16,51597	1,870341	36,30489	14,8999	0,2588212	200,9385	57,33482	3,282741	4,262765	0,8277571	1,239738	-0,4876113	0,9292062	114,2988	2,671359	96,	141,	98,83265	4,207458	79,	133,	86,26102	4,980014	68,	117,	18,66324	2,105288	0,	29,	27,35846	4,357305	5,	39,	99,89835	4,038565	82,	130,	97,43903	2,799093	65,99999	113,	113,6353	4,262451	80,99999	132,	131,9143	4,15125	104,	152,	43,01881	1,677606	34,99546	55,94509	1,748522	0,2102522	-2,078941	2,585637	8,455008	0,05508423	5,741733	7,51269	0,03185247
Maxi	8,736	8,835584	4,263	25,482	20,83899	20,79985	5,96392	27,93118	27,9734	14,2052	35,62842	2,703918	2,625	0,929319	2,625	0,01587302	1,467026	0,3560736	0,9964466	105,011	435,0906	32,59208	0,93	138,8995	14,45851	124,	168,	3,191773	138,898	144,9883	1,797536	14,48139	209,7106	16,81468	1032,877	209,3599	0,5849671	280,6858	828,2978	4,590908	6,199507	6,692141	2,197158	-0,3277979	0,9855441	157,561	14,57288	142,	189,	141,3647	15,6868	123,	174,	123,0857	14,29083	103,	151,	25,36585	7,065509	17,	253,	42,63733	8,846645	24,	58,	138,8995	14,45851	124,	168,	140,7012	11,85651	114,	159,	156,1673	14,38486	122,	176,	168,739	13,91299	138,	187,	59,6017	5,283188	52,83546	71,58477	4,057082	1,826593	4,714596	8,422266	14,8294	2,161856	14,65583	18,39976	0,07393127
% à 2,00 x écart type	97,2	97,2	94,4	94,4	94,4	94,4	94,4	94,4	94,4	94,4	91,7	88,9	100,0	94,4	100,0	97,2	94,4	91,7	94,4	94,4	97,2	94,4	94,4	100,0	94,4	100,0	97,2	91,7	100,0	94,4	94,4	94,4	94,4	94,4	97,2	94,4	100,0	100,0	94,4	97,2	97,2	94,4	94,4	100,0	97,2	100,0	91,7	100,0	97,2	97,2	94,4	100,0	97,2	100,0	91,7	100,0	94,4	94,4	94,4	97,2	97,2	91,7	97,2	94,4	91,7	100,0	94,4	100,0	97,2	100,0	97,2	97,2	100,0	97,2	97,2	97,2	100,0	100,0	97,2	94,4	100,0	97,2	97,2	100,0	97,2	91,7	97,2	94,4	97,2	100,0	91,7	97,2	97,2	94,44444
