Date	Heure début	Heure fin	ID Programme	ID Lot	Utilisateur	ID Variété	ID Sous variété	Code variété	Masse totale mesurée	Nb mesures	Nb graines	PMG	Masse Surfacique (gr/mm2)	Masse ext.	PMG ext.	Classifieur	Masse analysée	%Clas. NI (nb)	%Clas. NI (masse)	Masse Clas. NI	Nb Clas. NI	PMG Clas. NI	%Clas. C1 (nb)	%Clas. C1 (masse)	Masse Clas. C1	Nb Clas. C1	PMG Clas. C1	%Clas. C2 (nb)	%Clas. C2 (masse)	Masse Clas. C2	Nb Clas. C2	PMG Clas. C2	%Clas. C3 (nb)	%Clas. C3 (masse)	Masse Clas. C3	Nb Clas. C3	PMG Clas. C3	%Clas. C4 (nb)	%Clas. C4 (masse)	Masse Clas. C4	Nb Clas. C4	PMG Clas. C4	Dossier Mesure
21/11/2022	13:46:41	13:46:41	Blé dur - Métrologie complète + classification cassés	38_51_bis	Mecarnot	Blé dur	Standard	0101	1,690	1	36	46,944	0,002618042	0,000	0,000	Graines entiers et cassés_test	1,690	0,0	0,0	0,000	0	0,000	97,2	97,9	1,654	35	47,264	2,8	2,1	0,036	1	35,761	0,0	0,0	0,000	0	0,000	0,0	0,0	0,000	0	0,000	2022-11-21_134641_0101_Mecarnot_38_51_bis



Mesure	Longueur (mm)	Longueur intérieure (mm)	Largeur (mm)	Périmètre (mm)	Périmètre de Crofton (mm)	Périmètre convexe (mm)	Dimètre Eq. (mm)	Surface (mm2)	Surface convexe (mm2)	Surface DiffCAP (mm2)	Surface DiffCEN (mm2)	Surface DiffEAP (mm2)	Finesse	Excentricité	F. Feret	Compacité	Circularité	Rugosité	Index de courbure	Moment inertie 1	Moment inertie 2	Moment inertie 3	Symétrie	Moyenne ndg	Ecart type ndg	Minimum ndg	Maximum ndg	Histo. Kurtose	Histo. Moyenne	Histo. Pic	Histo. Assymétrie	Histo. Ecart type	Histo. Variance	Cooc. Contraste	Cooc. Corrélation	Cooc. Variance globale	Cooc. Homogénéïté	Cooc. Somme des moyennes	Cooc. Somme des variances	Cooc. Somme des entropies	Cooc. Entropie globale	Cooc. Ecart variance	Cooc. Ecart entropie	Cooc. Corrélation IC1	Cooc. Corrélation IC2	RVB R Moy	RVB R Ect	RVB R Min	RVB R Max	RVB V Moy	RVB V Ect	RVB V Min	RVB V Max	RVB B Moy	RVB B Ect	RVB B Min	RVB B Max	TSI T Moy	TSI T Ect	TSI T Min	TSI T Max	TSI S Moy	TSI S Ect	TSI S Min	TSI S Max	TSI I Moy	TSI I Ect	TSI I Min	TSI I Max	CMJ C Moy	CMJ C Ect	CMJ C Min	CMJ C Max	CMJ M Moy	CMJ M Ect	CMJ M Min	CMJ M Max	CMJ J Moy	CMJ J Ect	CMJ J Min	CMJ J Max	Lab L Moy	Lab L Ect	Lab L Min	Lab L Max	Lab a Moy	Lab a Ect	Lab a Min	Lab a Max	Lab b Moy	Lab b Ect	Lab b Min	Lab b Max	Poids estimé (gr)
Moyenne	7,455027	7,507117	3,125608	20,65275	17,21638	17,27065	4,762249	17,93113	17,99476	10,50768	25,1019	1,903486	2,352127	0,9055743	2,347901	0,01402539	1,329111	0,2839804	0,9812092	59,27461	323,1068	-2,9332	0,9036112	125,0681	8,264853	104,0833	146,8889	0,1984318	125,0764	124,3004	0,02685262	8,268431	79,38477	5,816927	244,9844	78,17049	0,4370965	252,2306	306,8651	4,007652	5,321005	2,3638	1,634371	-0,412869	0,9643708	141,3165	7,946652	119,6111	161,6111	125,8638	9,049877	101,9167	150,1667	108,029	8,441469	88,08334	130,8056	22,86291	3,051788	12,11111	33,72222	34,89394	4,961033	19,33333	47,55556	125,0681	8,264853	104,0833	146,8889	113,6835	8,275483	93,38889	135,3889	129,1362	9,32521	104,8333	153,0833	146,971	8,204019	124,1944	166,9167	53,64103	3,529932	44,38932	62,59922	2,917044	0,7530454	0,928075	4,747263	11,86867	0,822643	9,667104	12,46312	0,04694445
Ecart type	0,5395501	0,5482498	0,3762673	1,58552	1,255268	1,24166	0,39368	2,994191	3,010219	1,659297	4,311107	0,2432829	0,2551321	0,02311972	0,258232	0,001042898	0,08978836	0,03070583	0,007600528	14,61681	47,74517	20,98941	0,02439864	9,297888	3,317817	13,77473	10,91833	1,258697	9,304329	9,03975	0,5706539	3,319309	79,76794	3,74455	174,1949	80,06461	0,09730402	18,93409	318,7503	0,3412229	0,5357653	1,425501	0,2506226	0,05336449	0,01577857	9,810186	3,800895	15,13142	12,28431	10,08676	3,551008	14,53229	11,46613	8,429353	2,649074	11,41241	9,43345	1,823415	0,7245424	3,835346	3,983376	4,110658	1,024704	4,478343	4,786813	9,297888	3,317817	13,77473	10,91833	9,81019	3,813904	12,28431	15,13142	10,08677	3,532879	11,46614	14,53229	8,429353	2,510846	9,43345	11,41241	3,861917	1,459813	5,922714	4,335189	0,7852035	0,2476208	1,089768	1,17642	1,608829	0,6280908	1,92836	1,952662	0,007838918
Mini	6,136	6,207625	2,233	17,4675	14,55322	14,63401	4,034678	12,78332	12,80443	6,654743	14,72262	1,518385	1,86102	0,837903	1,848485	0,0122515	1,167408	0,2359532	0,9663547	31,35581	215,2834	-72,82094	0,84	104,0147	3,912408	67,	126,	-1,027272	104,0075	101,8027	-1,566434	3,933694	15,47395	2,285257	10,48708	13,55342	0,2601775	209,8475	51,79451	3,253306	4,173336	0,9047058	1,305868	-0,5153179	0,9166535	119,07	3,837958	77,	140,	103,6455	4,412324	64,	126,	89,34531	4,284806	61,	111,	19,50866	1,82102	2,	28,	24,50751	2,599227	8,	39,	104,0147	3,912408	67,	126,	94,24601	3,917488	66,99999	115,	110,1651	5,286428	80,99999	133,	131,3517	3,838135	104,	151,	44,91833	1,906534	28,33106	53,64814	1,161166	0,3444797	-1,748528	3,04083	8,595325	0,03650983	3,917662	9,040154	0,03346727
Maxi	8,488759	8,536379	4,06	23,838	19,50863	19,60481	5,544597	24,14157	24,1838	14,20375	34,2168	2,830948	3,090909	0,9467934	3,090909	0,01694915	1,502536	0,368747	0,9980175	98,57903	429,1936	35,83989	0,94	142,9469	21,75526	122,	170,	4,884777	142,9289	146,0605	1,705236	21,75984	473,4908	17,27102	845,6338	472,7125	0,6182311	288,9013	1882,148	4,920598	6,366022	6,916525	2,192885	-0,2848912	0,9939597	160,754	23,0845	140,	188,	144,8349	23,01924	122,	174,	123,6483	19,45413	104,	151,	25,54085	5,55129	18,	45,	44,19581	6,959193	28,	59,	142,9469	21,75526	122,	170,	135,93	24,23896	115,	178,	151,3545	23,62759	129,	191,	165,6547	18,05715	144,	194,	60,94757	9,579573	52,27231	71,68904	4,67544	1,44321	2,759431	8,423169	14,36401	2,908204	13,69655	15,89145	0,06320365
% à 2,00 x écart type	97,2	97,2	94,4	94,4	97,2	97,2	100,0	97,2	97,2	91,7	91,7	97,2	97,2	94,4	97,2	94,4	100,0	97,2	97,2	94,4	94,4	97,2	97,2	97,2	97,2	91,7	97,2	94,4	97,2	94,4	94,4	97,2	97,2	97,2	94,4	97,2	100,0	97,2	97,2	94,4	97,2	94,4	97,2	97,2	97,2	97,2	97,2	91,7	97,2	97,2	97,2	91,7	94,4	97,2	97,2	91,7	94,4	100,0	97,2	94,4	91,7	94,4	97,2	97,2	97,2	97,2	97,2	91,7	97,2	97,2	94,4	97,2	91,7	97,2	94,4	94,4	91,7	97,2	97,2	94,4	91,7	97,2	94,4	91,7	94,4	94,4	94,4	97,2	97,2	97,2	94,4	94,4	100,0	97,22222
