Date	Heure début	Heure fin	ID Programme	ID Lot	Utilisateur	ID Variété	ID Sous variété	Code variété	Masse totale mesurée	Nb mesures	Nb graines	PMG	Masse Surfacique (gr/mm2)	Masse ext.	PMG ext.	Classifieur	Masse analysée	%Clas. NI (nb)	%Clas. NI (masse)	Masse Clas. NI	Nb Clas. NI	PMG Clas. NI	%Clas. C1 (nb)	%Clas. C1 (masse)	Masse Clas. C1	Nb Clas. C1	PMG Clas. C1	%Clas. C2 (nb)	%Clas. C2 (masse)	Masse Clas. C2	Nb Clas. C2	PMG Clas. C2	%Clas. C3 (nb)	%Clas. C3 (masse)	Masse Clas. C3	Nb Clas. C3	PMG Clas. C3	%Clas. C4 (nb)	%Clas. C4 (masse)	Masse Clas. C4	Nb Clas. C4	PMG Clas. C4	Dossier Mesure
22/11/2022	11:03:43	11:03:43	Blé dur - Métrologie complète + classification cassés	331_335_336	Mecarnot	Blé dur	Standard	0101	1,660	1	36	46,111	0,002664597	0,000	0,000	Graines entiers et cassés_test	1,660	0,0	0,0	0,000	0	0,000	88,9	91,7	1,522	32	47,557	11,1	8,3	0,138	4	34,541	0,0	0,0	0,000	0	0,000	0,0	0,0	0,000	0	0,000	2022-11-22_110343_0101_Mecarnot_331_335_336



Mesure	Longueur (mm)	Longueur intérieure (mm)	Largeur (mm)	Périmètre (mm)	Périmètre de Crofton (mm)	Périmètre convexe (mm)	Dimètre Eq. (mm)	Surface (mm2)	Surface convexe (mm2)	Surface DiffCAP (mm2)	Surface DiffCEN (mm2)	Surface DiffEAP (mm2)	Finesse	Excentricité	F. Feret	Compacité	Circularité	Rugosité	Index de courbure	Moment inertie 1	Moment inertie 2	Moment inertie 3	Symétrie	Moyenne ndg	Ecart type ndg	Minimum ndg	Maximum ndg	Histo. Kurtose	Histo. Moyenne	Histo. Pic	Histo. Assymétrie	Histo. Ecart type	Histo. Variance	Cooc. Contraste	Cooc. Corrélation	Cooc. Variance globale	Cooc. Homogénéïté	Cooc. Somme des moyennes	Cooc. Somme des variances	Cooc. Somme des entropies	Cooc. Entropie globale	Cooc. Ecart variance	Cooc. Ecart entropie	Cooc. Corrélation IC1	Cooc. Corrélation IC2	RVB R Moy	RVB R Ect	RVB R Min	RVB R Max	RVB V Moy	RVB V Ect	RVB V Min	RVB V Max	RVB B Moy	RVB B Ect	RVB B Min	RVB B Max	TSI T Moy	TSI T Ect	TSI T Min	TSI T Max	TSI S Moy	TSI S Ect	TSI S Min	TSI S Max	TSI I Moy	TSI I Ect	TSI I Min	TSI I Max	CMJ C Moy	CMJ C Ect	CMJ C Min	CMJ C Max	CMJ M Moy	CMJ M Ect	CMJ M Min	CMJ M Max	CMJ J Moy	CMJ J Ect	CMJ J Min	CMJ J Max	Lab L Moy	Lab L Ect	Lab L Min	Lab L Max	Lab a Moy	Lab a Ect	Lab a Min	Lab a Max	Lab b Moy	Lab b Ect	Lab b Min	Lab b Max	Poids estimé (gr)
Moyenne	7,299549	7,369538	3,095668	20,29313	16,87544	16,90672	4,679583	17,30509	17,32679	9,917233	24,0626	1,836082	2,307974	0,9031319	2,306698	0,01435955	1,319091	0,2794599	0,9785634	57,44585	307,4619	-1,289275	0,9030555	127,4419	8,348254	108,7222	149,8889	0,3254205	127,4059	125,4814	0,2979225	8,30148	78,19839	6,045772	280,0398	78,46752	0,4468344	256,8426	307,8243	3,981415	5,251312	2,438137	1,62367	-0,4217417	0,9649582	144,735	7,761762	125,1944	164,5833	129,0006	9,078525	107,3056	153,6389	108,59	8,967383	90,27778	134,3333	24,26867	3,124126	13,19444	40,11111	38,02894	6,107974	18,55556	51,77778	127,4419	8,348254	108,7222	149,8889	110,265	7,738941	90,41666	129,8056	125,9994	9,045362	101,3611	147,6944	146,41	8,814534	120,6667	164,7222	54,8359	3,3814	46,5125	63,86679	2,604319	0,7549216	0,7267321	4,28405	13,26347	1,067328	10,26007	13,43173	0,04611111
Ecart type	0,6279488	0,6261417	0,269036	1,641412	1,345131	1,361549	0,371892	2,687271	2,682751	1,807917	4,641721	0,2685531	0,1756235	0,01521868	0,1763766	0,001310129	0,06541632	0,02443356	0,008597882	10,36741	51,62681	19,0631	0,02558423	8,94787	3,01963	13,13733	12,23333	1,892928	8,873831	9,72216	0,7002312	3,046927	58,11377	4,654567	284,7336	58,96389	0,1133054	18,23602	233,2496	0,3464469	0,5803518	1,670106	0,3013004	0,06068203	0,01803204	8,879191	3,545247	15,09934	12,87844	9,537552	3,336899	13,94198	13,34615	8,612515	2,457483	10,13413	10,99242	1,514186	2,272668	3,991793	35,4595	3,183631	1,054667	4,310481	3,993823	8,94787	3,01963	13,13733	12,23333	8,8792	3,488037	12,87844	15,09934	9,537553	2,89548	13,34615	13,94198	8,61252	2,077293	10,99242	10,13413	3,618045	1,210095	5,716513	4,891051	0,7516742	0,2972479	1,243517	1,506081	0,9789128	0,737404	2,479712	2,380009	0,007160494
Mini	5,72	5,706712	2,3345	16,2345	13,49839	13,52047	3,873192	11,7805	11,7066	5,923642	13,34764	1,372948	1,967742	0,8724522	1,967742	0,01234568	1,227985	0,2339859	0,9534761	31,39322	188,5316	-65,11711	0,84	108,3651	3,248551	58,	131,	-1,148376	108,5034	107,1309	-2,671185	3,2688	10,68505	1,548065	43,36271	10,05144	0,2130685	218,5759	38,65768	3,191667	4,073397	0,6991823	1,171786	-0,529079	0,9125341	125,9112	2,928484	63,	143,	108,9664	3,360154	56,	132,	90,23185	4,629282	54,	112,	21,86786	1,733918	2,	30,	31,24113	3,845415	11,	43,	108,3651	3,248551	58,	131,	91,09642	3,365529	54,	109,	106,2962	4,834913	62,	131,	128,4203	4,78569	85,99999	150,	47,10688	1,701317	24,16594	55,98658	0,7379509	0,1903321	-1,566305	1,041706	10,51821	0,01438491	2,359985	8,904903	0,03139029
Maxi	8,424	8,414458	3,711447	23,016	19,01464	19,0487	5,243045	21,58702	21,52369	12,71549	33,6163	2,872311	2,913043	0,9456819	2,913043	0,01818182	1,565275	0,3384263	0,9913244	85,311	397,165	46,13134	0,94	145,7379	16,65196	124,	187,	9,977563	145,6675	150,9707	1,699376	16,77591	281,4312	19,92705	1481,708	283,2773	0,614882	294,2227	1127,24	4,577572	6,43682	7,820404	2,255281	-0,274244	0,9917279	163,9036	15,23791	146,	201,	148,7039	17,60573	124,	193,	126,5797	17,71554	105,	169,	28,11771	16,17512	17,	249,	47,12277	8,656528	32,	60,	145,7379	16,65196	124,	187,	129,0889	20,97038	112,	192,	146,0336	17,65547	123,	199,	164,7682	14,14011	143,	201,	62,29086	7,64698	53,39331	78,1235	3,896467	1,471137	3,689967	7,463935	15,20724	3,523975	13,67272	18,82203	0,05752072
% à 2,00 x écart type	97,2	97,2	94,4	97,2	97,2	97,2	97,2	97,2	97,2	97,2	94,4	97,2	97,2	94,4	97,2	97,2	97,2	94,4	94,4	94,4	97,2	91,7	94,4	91,7	97,2	97,2	97,2	97,2	91,7	97,2	94,4	97,2	97,2	91,7	94,4	97,2	97,2	91,7	97,2	94,4	94,4	94,4	97,2	97,2	94,4	91,7	94,4	97,2	94,4	91,7	97,2	97,2	97,2	94,4	97,2	97,2	94,4	97,2	97,2	91,7	97,2	91,7	94,4	97,2	94,4	91,7	97,2	97,2	97,2	91,7	94,4	94,4	97,2	91,7	94,4	97,2	97,2	94,4	97,2	94,4	97,2	94,4	97,2	97,2	97,2	97,2	91,7	94,4	88,9	94,4	91,7	94,4	97,2	97,22222
