Date	Heure début	Heure fin	ID Programme	ID Lot	Utilisateur	ID Variété	ID Sous variété	Code variété	Masse totale mesurée	Nb mesures	Nb graines	PMG	Masse Surfacique (gr/mm2)	Masse ext.	PMG ext.	Classifieur	Masse analysée	%Clas. NI (nb)	%Clas. NI (masse)	Masse Clas. NI	Nb Clas. NI	PMG Clas. NI	%Clas. C1 (nb)	%Clas. C1 (masse)	Masse Clas. C1	Nb Clas. C1	PMG Clas. C1	%Clas. C2 (nb)	%Clas. C2 (masse)	Masse Clas. C2	Nb Clas. C2	PMG Clas. C2	%Clas. C3 (nb)	%Clas. C3 (masse)	Masse Clas. C3	Nb Clas. C3	PMG Clas. C3	%Clas. C4 (nb)	%Clas. C4 (masse)	Masse Clas. C4	Nb Clas. C4	PMG Clas. C4	Dossier Mesure
22/11/2022	14:01:45	14:01:45	Blé dur - Métrologie complète + classification cassés	483_485_486	Mecarnot	Blé dur	Standard	0101	1,970	1	36	54,722	0,002794396	0,000	0,000	Graines entiers et cassés_test	1,970	0,0	0,0	0,000	0	0,000	100,0	100,0	1,970	36	54,722	0,0	0,0	0,000	0	0,000	0,0	0,0	0,000	0	0,000	0,0	0,0	0,000	0	0,000	2022-11-22_140145_0101_Mecarnot_483_485_486



Mesure	Longueur (mm)	Longueur intérieure (mm)	Largeur (mm)	Périmètre (mm)	Périmètre de Crofton (mm)	Périmètre convexe (mm)	Dimètre Eq. (mm)	Surface (mm2)	Surface convexe (mm2)	Surface DiffCAP (mm2)	Surface DiffCEN (mm2)	Surface DiffEAP (mm2)	Finesse	Excentricité	F. Feret	Compacité	Circularité	Rugosité	Index de courbure	Moment inertie 1	Moment inertie 2	Moment inertie 3	Symétrie	Moyenne ndg	Ecart type ndg	Minimum ndg	Maximum ndg	Histo. Kurtose	Histo. Moyenne	Histo. Pic	Histo. Assymétrie	Histo. Ecart type	Histo. Variance	Cooc. Contraste	Cooc. Corrélation	Cooc. Variance globale	Cooc. Homogénéïté	Cooc. Somme des moyennes	Cooc. Somme des variances	Cooc. Somme des entropies	Cooc. Entropie globale	Cooc. Ecart variance	Cooc. Ecart entropie	Cooc. Corrélation IC1	Cooc. Corrélation IC2	RVB R Moy	RVB R Ect	RVB R Min	RVB R Max	RVB V Moy	RVB V Ect	RVB V Min	RVB V Max	RVB B Moy	RVB B Ect	RVB B Min	RVB B Max	TSI T Moy	TSI T Ect	TSI T Min	TSI T Max	TSI S Moy	TSI S Ect	TSI S Min	TSI S Max	TSI I Moy	TSI I Ect	TSI I Min	TSI I Max	CMJ C Moy	CMJ C Ect	CMJ C Min	CMJ C Max	CMJ M Moy	CMJ M Ect	CMJ M Min	CMJ M Max	CMJ J Moy	CMJ J Ect	CMJ J Min	CMJ J Max	Lab L Moy	Lab L Ect	Lab L Min	Lab L Max	Lab a Moy	Lab a Ect	Lab a Min	Lab a Max	Lab b Moy	Lab b Ect	Lab b Min	Lab b Max	Poids estimé (gr)
Moyenne	7,942532	8,001438	3,250104	21,8515	18,17058	18,21137	4,981062	19,58285	19,65557	11,78543	29,25608	1,971969	2,395739	0,9126851	2,393472	0,01314992	1,351512	0,2732234	0,9806779	62,42299	363,1323	2,641037	0,9038888	126,9953	8,50803	104,1944	148,2222	0,3926556	127,0054	128,0929	-0,03191938	8,505036	82,80392	5,824751	229,3163	81,52636	0,4373769	256,0137	320,2806	4,019957	5,318711	2,259002	1,620342	-0,4173658	0,9640495	144,0763	7,987438	120,6944	162,6944	128,4655	9,314055	102,4722	151,7778	108,4449	9,042136	86,55556	133,5556	24,14281	3,136035	12,22222	40,08333	37,53157	6,10282	17,72222	52,27778	126,9953	8,50803	104,1944	148,2222	110,9237	8,417277	92,30556	134,3056	126,5345	9,737511	103,2222	152,5278	146,5551	9,354852	121,4444	168,4444	54,63061	3,670975	44,63321	63,19956	2,616161	0,8483738	0,8945743	4,658718	13,0435	1,183209	9,754312	12,92109	0,05472222
Ecart type	0,507209	0,5027536	0,2878735	1,431142	1,160521	1,163436	0,3554892	2,716626	2,69923	1,539895	4,136834	0,2919905	0,1731753	0,01348322	0,1749677	0,0008787907	0,06952366	0,02275822	0,008893397	10,85646	45,72577	22,6556	0,02899021	7,689007	3,235369	12,11936	9,513474	1,761132	7,684826	11,12036	0,7455532	3,235469	74,5965	4,236267	161,8026	73,53854	0,1096669	15,73526	293,2955	0,3279852	0,5356082	1,397324	0,270307	0,07207235	0,01843338	7,577901	3,75098	13,93401	10,36506	8,165056	3,460949	13,17718	9,871709	7,567806	2,625193	9,259963	7,864987	1,314214	1,673702	3,944835	35,92073	3,311639	1,147574	3,826886	3,555989	7,689007	3,235369	12,11936	9,513474	7,577897	4,131762	10,36506	13,93401	8,165058	3,797616	9,871711	13,17718	7,567805	2,181374	7,864987	9,259963	3,094804	1,581658	5,40675	3,687392	0,624508	0,4368395	1,165714	1,713688	1,055611	0,6693167	2,189372	2,394907	0,007591328
Mini	6,713389	6,713529	2,639	18,084	14,96651	14,98826	4,031346	12,7622	12,80443	8,05425	20,91652	1,37106	2,019038	0,886246	2,	0,01136364	1,251046	0,2277653	0,9602223	39,92113	241,1607	-54,29953	0,82	111,9121	4,453355	53,	125,	-1,173136	111,9433	112,1328	-2,20037	4,443991	19,74906	1,660527	7,730062	18,20531	0,2361704	225,5383	69,79638	3,412977	4,265845	0,6762536	1,176206	-0,5786142	0,928071	128,504	3,933522	60,	139,	112,5293	4,967194	49,	127,	94,70202	5,281034	50,	117,	20,87732	2,089661	0,	29,	31,17651	4,319162	8,	46,	111,9121	4,453355	53,	125,	89,95301	4,040243	63,	114,	107,4873	4,843099	80,99999	134,	132,1498	6,265427	107,	150,	48,45435	1,994717	21,53366	54,00123	0,9608802	0,09998965	-1,69247	0,1380039	11,38464	0,1695894	1,212452	6,934414	0,03566264
Maxi	9,152	9,208569	3,857	24,66	20,51619	20,52611	5,559124	24,26824	24,57437	15,82746	41,47692	2,61499	2,888889	0,9451193	2,888889	0,01549143	1,582769	0,3250251	0,9962264	83,35168	467,097	52,55154	0,94	144,4968	20,68387	122,	169,	8,243046	144,4944	155,1797	2,014821	20,68028	427,674	17,94983	653,5281	417,1334	0,6115484	292,2774	1665,206	4,647303	6,284329	6,653888	2,219439	-0,3088647	0,9948725	165,047	22,91023	141,	192,	147,5127	21,67199	121,	174,	122,8502	17,98144	105,	148,	27,73195	12,62119	17,	252,	45,7078	8,998809	24,	58,	144,4968	20,68387	122,	169,	126,496	26,92825	116,	195,	142,4707	25,2637	128,	206,	160,298	18,41731	138,	205,	62,00727	10,57486	52,14901	71,84691	4,064516	2,038915	3,250706	9,035374	16,44521	3,897404	12,93373	18,80274	0,06781507
% à 2,00 x écart type	91,7	91,7	94,4	94,4	91,7	94,4	94,4	97,2	97,2	88,9	94,4	94,4	94,4	97,2	94,4	91,7	97,2	97,2	94,4	97,2	91,7	91,7	94,4	97,2	94,4	97,2	94,4	94,4	97,2	97,2	91,7	94,4	94,4	94,4	91,7	94,4	100,0	97,2	94,4	100,0	100,0	94,4	94,4	97,2	100,0	94,4	94,4	97,2	94,4	97,2	94,4	94,4	94,4	100,0	97,2	97,2	97,2	91,7	97,2	94,4	97,2	97,2	97,2	94,4	100,0	97,2	94,4	97,2	94,4	94,4	97,2	94,4	97,2	97,2	94,4	94,4	94,4	100,0	97,2	97,2	97,2	97,2	97,2	97,2	94,4	91,7	94,4	94,4	91,7	97,2	97,2	97,2	94,4	97,22222
