Date	Heure début	Heure fin	ID Programme	ID Lot	Utilisateur	ID Variété	ID Sous variété	Code variété	Masse totale mesurée	Nb mesures	Nb graines	PMG	Masse Surfacique (gr/mm2)	Masse ext.	PMG ext.	Classifieur	Masse analysée	%Clas. NI (nb)	%Clas. NI (masse)	Masse Clas. NI	Nb Clas. NI	PMG Clas. NI	%Clas. C1 (nb)	%Clas. C1 (masse)	Masse Clas. C1	Nb Clas. C1	PMG Clas. C1	%Clas. C2 (nb)	%Clas. C2 (masse)	Masse Clas. C2	Nb Clas. C2	PMG Clas. C2	%Clas. C3 (nb)	%Clas. C3 (masse)	Masse Clas. C3	Nb Clas. C3	PMG Clas. C3	%Clas. C4 (nb)	%Clas. C4 (masse)	Masse Clas. C4	Nb Clas. C4	PMG Clas. C4	Dossier Mesure
22/11/2022	08:21:17	08:21:17	Blé dur - Métrologie complète + classification cassés	153_165_166	Mecarnot	Blé dur	Standard	0101	1,690	1	36	46,944	0,002618342	0,000	0,000	Graines entiers et cassés_test	1,690	0,0	0,0	0,000	0	0,000	88,9	92,1	1,557	32	48,660	11,1	7,9	0,133	4	33,222	0,0	0,0	0,000	0	0,000	0,0	0,0	0,000	0	0,000	2022-11-22_082117_0101_Mecarnot_153_165_166



Mesure	Longueur (mm)	Longueur intérieure (mm)	Largeur (mm)	Périmètre (mm)	Périmètre de Crofton (mm)	Périmètre convexe (mm)	Dimètre Eq. (mm)	Surface (mm2)	Surface convexe (mm2)	Surface DiffCAP (mm2)	Surface DiffCEN (mm2)	Surface DiffEAP (mm2)	Finesse	Excentricité	F. Feret	Compacité	Circularité	Rugosité	Index de courbure	Moment inertie 1	Moment inertie 2	Moment inertie 3	Symétrie	Moyenne ndg	Ecart type ndg	Minimum ndg	Maximum ndg	Histo. Kurtose	Histo. Moyenne	Histo. Pic	Histo. Assymétrie	Histo. Ecart type	Histo. Variance	Cooc. Contraste	Cooc. Corrélation	Cooc. Variance globale	Cooc. Homogénéïté	Cooc. Somme des moyennes	Cooc. Somme des variances	Cooc. Somme des entropies	Cooc. Entropie globale	Cooc. Ecart variance	Cooc. Ecart entropie	Cooc. Corrélation IC1	Cooc. Corrélation IC2	RVB R Moy	RVB R Ect	RVB R Min	RVB R Max	RVB V Moy	RVB V Ect	RVB V Min	RVB V Max	RVB B Moy	RVB B Ect	RVB B Min	RVB B Max	TSI T Moy	TSI T Ect	TSI T Min	TSI T Max	TSI S Moy	TSI S Ect	TSI S Min	TSI S Max	TSI I Moy	TSI I Ect	TSI I Min	TSI I Max	CMJ C Moy	CMJ C Ect	CMJ C Min	CMJ C Max	CMJ M Moy	CMJ M Ect	CMJ M Min	CMJ M Max	CMJ J Moy	CMJ J Ect	CMJ J Min	CMJ J Max	Lab L Moy	Lab L Ect	Lab L Min	Lab L Max	Lab a Moy	Lab a Ect	Lab a Min	Lab a Max	Lab b Moy	Lab b Ect	Lab b Min	Lab b Max	Poids estimé (gr)
Moyenne	7,568416	7,650211	3,091396	20,87537	17,39257	17,41588	4,758031	17,92908	18,03581	10,96808	26,70627	1,878259	2,398823	0,9116058	2,397737	0,01389284	1,354215	0,2846157	0,9776785	57,61788	332,6045	3,707112	0,8958333	121,2355	9,80088	99,13889	145,5278	-0,1915827	121,2335	119,8027	0,1740401	9,803184	105,1583	8,473866	150,2297	104,7905	0,364554	244,5739	410,6884	4,188944	5,644644	3,047483	1,797392	-0,403069	0,9671032	138,4129	9,792194	115,5556	161,8333	122,0351	10,79893	96,97222	148,8611	103,2641	9,537765	82,5	128,6111	22,72809	3,108582	11,69444	33,47222	38,00698	5,846626	19,41667	51,97222	121,2355	9,80088	99,13889	145,5278	116,5871	8,729771	93,16666	139,4444	132,9649	9,901175	106,1389	158,0278	151,7359	9,01717	126,3889	172,5	52,19904	3,749478	42,49277	62,2038	3,188254	0,815167	1,387723	5,119116	12,58921	0,8774056	10,14431	13,30973	0,04694444
Ecart type	0,7431248	0,7655637	0,3263142	2,007865	1,655242	1,652454	0,4387676	3,238305	3,312566	2,123017	5,518963	0,3172786	0,2016588	0,01580644	0,2012582	0,001553837	0,06409977	0,02168174	0,009137033	12,25642	63,02055	21,98508	0,02880731	10,46453	3,010533	10,12465	13,15397	0,7871218	10,46722	11,51566	0,4993167	3,009305	64,53468	4,459413	125,3572	65,55074	0,102835	21,36547	260,0369	0,3227687	0,5147905	1,392506	0,2456198	0,05447593	0,01478448	10,73312	3,431168	10,67303	14,16471	11,43956	3,271578	11,44428	14,47057	9,450142	2,510186	8,880378	11,75981	2,16705	0,5458545	3,619541	3,295503	3,194378	1,214108	4,878382	4,310749	10,46453	3,010533	10,12465	13,15397	10,73312	2,642441	14,16471	10,67303	11,43956	2,594318	14,47057	11,44428	9,450137	2,19823	11,75981	8,880378	4,373293	1,013289	4,463337	5,362742	0,8926024	0,3432117	1,322161	1,55909	1,388212	0,4355727	1,579292	2,02555	0,00847899
Mini	5,616	5,6218	2,436	16,2345	13,38427	13,36991	3,850567	11,64327	11,55882	5,41349	12,74307	1,191787	1,931034	0,8658149	1,931034	0,01190476	1,215523	0,2544971	0,9530834	37,56239	181,7402	-51,41051	0,84	97,83936	4,444901	83,	121,	-1,103568	97,83354	92,08789	-1,058739	4,44877	19,79155	2,225209	24,19616	18,9599	0,2147767	196,9601	73,61434	3,519222	4,558326	1,067441	1,323388	-0,515317	0,9229023	113,7968	4,333945	96,	136,	96,24361	5,161561	80,	122,	83,49255	5,038812	70,	104,	17,45	2,173079	2,	28,	29,72528	3,320382	6,	40,	97,83936	4,444901	83,	121,	91,96589	4,740392	57,	114,	106,6208	5,875837	66,99999	125,	127,5031	5,560257	90,99999	143,	42,16384	2,110486	35,38439	52,00951	1,174661	0,06495023	-1,693652	1,044748	9,904102	0,2580023	6,568714	8,931044	0,03048606
Maxi	8,736	8,789023	3,7555	24,249	20,12654	20,08129	5,516646	23,89878	24,06768	14,70863	35,21657	2,569373	2,703704	0,9330754	2,703704	0,01851852	1,472521	0,3384887	0,9915053	86,01962	448,2186	61,17365	0,94	145,6483	17,32621	129,	182,	2,244391	145,6514	141,9746	1,258461	17,32547	300,1719	19,13323	639,131	296,8182	0,5683449	294,4343	1179,321	4,812784	6,38603	6,762241	2,226736	-0,287118	0,9926992	163,0341	18,02208	141,	198,	148,3792	18,50925	130,	188,	127,4969	15,91701	112,	164,	26,97401	4,600536	18,	42,	43,027	8,608363	27,	61,	145,6483	17,32621	129,	182,	141,2032	17,27666	119,	159,	158,7564	18,18488	133,	175,	171,5074	15,32213	151,	185,	62,023	7,162334	54,86349	76,46806	4,902478	1,843519	4,045153	9,346616	15,29041	2,017598	13,02888	16,89434	0,06257518
% à 2,00 x écart type	94,4	94,4	94,4	97,2	94,4	94,4	97,2	100,0	100,0	91,7	94,4	94,4	97,2	94,4	97,2	94,4	94,4	94,4	94,4	94,4	91,7	91,7	100,0	91,7	94,4	97,2	97,2	94,4	91,7	97,2	91,7	94,4	94,4	97,2	97,2	94,4	100,0	91,7	94,4	97,2	97,2	97,2	100,0	94,4	97,2	91,7	94,4	97,2	97,2	91,7	94,4	97,2	97,2	91,7	94,4	97,2	94,4	97,2	94,4	94,4	97,2	94,4	91,7	97,2	94,4	91,7	94,4	97,2	97,2	91,7	97,2	97,2	97,2	91,7	97,2	97,2	97,2	91,7	94,4	94,4	97,2	91,7	97,2	97,2	97,2	97,2	94,4	94,4	94,4	100,0	91,7	97,2	97,2	100,
