Date	Heure début	Heure fin	ID Programme	ID Lot	Utilisateur	ID Variété	ID Sous variété	Code variété	Masse totale mesurée	Nb mesures	Nb graines	PMG	Masse Surfacique (gr/mm2)	Masse ext.	PMG ext.	Classifieur	Masse analysée	%Clas. NI (nb)	%Clas. NI (masse)	Masse Clas. NI	Nb Clas. NI	PMG Clas. NI	%Clas. C1 (nb)	%Clas. C1 (masse)	Masse Clas. C1	Nb Clas. C1	PMG Clas. C1	%Clas. C2 (nb)	%Clas. C2 (masse)	Masse Clas. C2	Nb Clas. C2	PMG Clas. C2	%Clas. C3 (nb)	%Clas. C3 (masse)	Masse Clas. C3	Nb Clas. C3	PMG Clas. C3	%Clas. C4 (nb)	%Clas. C4 (masse)	Masse Clas. C4	Nb Clas. C4	PMG Clas. C4	Dossier Mesure
22/11/2022	10:51:07	10:51:07	Blé dur - Métrologie complète + classification cassés	305_309_311	Mecarnot	Blé dur	Standard	0101	1,750	1	36	48,611	0,002708466	0,000	0,000	Graines entiers et cassés_test	1,750	0,0	0,0	0,000	0	0,000	97,2	97,9	1,713	35	48,945	2,8	2,1	0,037	1	36,939	0,0	0,0	0,000	0	0,000	0,0	0,0	0,000	0	0,000	2022-11-22_105107_0101_Mecarnot_305_309_311



Mesure	Longueur (mm)	Longueur intérieure (mm)	Largeur (mm)	Périmètre (mm)	Périmètre de Crofton (mm)	Périmètre convexe (mm)	Dimètre Eq. (mm)	Surface (mm2)	Surface convexe (mm2)	Surface DiffCAP (mm2)	Surface DiffCEN (mm2)	Surface DiffEAP (mm2)	Finesse	Excentricité	F. Feret	Compacité	Circularité	Rugosité	Index de courbure	Moment inertie 1	Moment inertie 2	Moment inertie 3	Symétrie	Moyenne ndg	Ecart type ndg	Minimum ndg	Maximum ndg	Histo. Kurtose	Histo. Moyenne	Histo. Pic	Histo. Assymétrie	Histo. Ecart type	Histo. Variance	Cooc. Contraste	Cooc. Corrélation	Cooc. Variance globale	Cooc. Homogénéïté	Cooc. Somme des moyennes	Cooc. Somme des variances	Cooc. Somme des entropies	Cooc. Entropie globale	Cooc. Ecart variance	Cooc. Ecart entropie	Cooc. Corrélation IC1	Cooc. Corrélation IC2	RVB R Moy	RVB R Ect	RVB R Min	RVB R Max	RVB V Moy	RVB V Ect	RVB V Min	RVB V Max	RVB B Moy	RVB B Ect	RVB B Min	RVB B Max	TSI T Moy	TSI T Ect	TSI T Min	TSI T Max	TSI S Moy	TSI S Ect	TSI S Min	TSI S Max	TSI I Moy	TSI I Ect	TSI I Min	TSI I Max	CMJ C Moy	CMJ C Ect	CMJ C Min	CMJ C Max	CMJ M Moy	CMJ M Ect	CMJ M Min	CMJ M Max	CMJ J Moy	CMJ J Ect	CMJ J Min	CMJ J Max	Lab L Moy	Lab L Ect	Lab L Min	Lab L Max	Lab a Moy	Lab a Ect	Lab a Min	Lab a Max	Lab b Moy	Lab b Ect	Lab b Min	Lab b Max	Poids estimé (gr)
Moyenne	7,46238	7,546443	3,121125	20,687	17,2758	17,3109	4,768383	17,94784	18,00296	10,49954	25,1374	1,921029	2,352547	0,9064579	2,349014	0,01397865	1,334574	0,2838489	0,9770007	58,62696	323,6947	-0,9931221	0,8986111	117,5364	8,904415	95,97222	143,9167	0,8849638	117,5453	117,1645	0,2695907	8,898838	86,63644	6,504608	198,1016	84,26659	0,4287055	236,9588	330,5619	4,047256	5,363932	2,598905	1,674037	-0,4204696	0,9666063	133,1261	8,52335	110,5	157,2222	117,8762	9,706844	93,80556	146,9444	101,6054	9,300475	81,16666	131,1389	21,85983	4,849897	9,138889	70,58334	34,60746	6,233038	14,05556	49,25	117,5364	8,904415	95,97222	143,9167	121,8739	9,644402	97,77778	144,5	137,1238	10,84027	108,0556	161,1944	153,3947	10,29131	123,8611	173,8333	50,49023	4,159606	40,98711	61,36257	3,152365	0,8264738	1,060221	4,634288	11,10031	1,061372	8,176146	11,23676	0,04861112
Ecart type	0,4036754	0,4081856	0,3283533	1,240588	1,003242	1,019506	0,3432336	2,557467	2,579397	1,265132	3,312106	0,2338403	0,2124672	0,01866281	0,2142368	0,0007812618	0,07694782	0,02385432	0,007524621	12,68838	36,81829	15,73664	0,02878588	12,70377	2,729517	15,21784	9,367126	1,607185	12,68711	15,15268	0,7615704	2,728939	49,67203	4,324	209,5162	48,92546	0,1101583	25,73191	193,6313	0,3216018	0,5352626	1,429672	0,276695	0,06028472	0,01865276	14,05159	2,949012	17,92345	11,68596	13,90057	2,944021	16,21525	10,0966	10,32249	2,364622	11,93384	7,619977	2,561242	4,749728	5,543529	80,62994	3,48762	1,005312	5,532452	4,050891	12,70377	2,729517	15,21784	9,367126	14,05159	3,594459	11,68597	17,92345	13,90057	3,3512	10,0966	16,21525	10,32248	2,715994	7,619977	11,93385	5,37973	1,362968	6,710246	3,838084	0,798788	0,2749075	1,209905	1,062841	2,087699	0,6261684	2,641101	2,807185	0,006926811
Mini	6,344	6,468675	2,436	17,673	14,86217	14,92218	4,036345	12,79387	12,82554	7,63751	17,53872	1,358083	1,973684	0,8647358	1,973684	0,01229077	1,181951	0,229585	0,9593481	34,6086	236,161	-41,94317	0,83	95,80153	3,801084	63,	124,	-1,220907	95,80987	88,99609	-1,516385	3,759955	14,13726	1,84205	27,89499	13,64263	0,2356885	192,973	51,87885	3,301037	4,122841	0,8977379	1,264118	-0,5076277	0,9061891	108,022	3,17821	70,	140,	94,39186	4,113117	60,	127,	84,96947	5,113339	57,	112,	17,15986	2,014886	0,	30,	27,24727	4,095641	0,	42,	95,80153	3,801084	63,	124,	87,32848	3,520902	63,	114,	102,6173	4,812431	74,99999	134,	126,462	5,872002	104,	152,	41,08901	1,781612	26,24256	53,94632	0,5099469	0,1907691	-1,025029	2,485867	7,408151	0,108819	2,749029	4,613638	0,03465176
Maxi	8,461633	8,582694	3,857	22,8105	19,21926	19,34899	5,439349	23,23376	23,45543	13,93249	34,39499	2,417593	2,75	0,9349315	2,75	0,01639344	1,498444	0,3288192	0,9926407	87,80617	415,2819	33,98054	0,95	149,521	14,81304	122,	173,	5,727822	149,5361	162,9023	1,565843	14,83233	219,998	19,68558	920,3726	215,5957	0,616037	301,7436	851,116	4,625922	6,22145	6,749866	2,237375	-0,3034488	0,9878052	167,6715	15,90401	141,	192,	152,3827	16,25273	121,	180,	128,538	13,38897	103,	151,	28,78698	23,2605	17,	252,	40,93018	8,967586	24,	59,	149,521	14,81304	122,	173,	146,978	20,86022	115,	185,	160,6081	18,82284	128,	195,	170,0305	18,63353	143,	198,	63,70689	7,936283	51,87939	73,59959	4,321116	1,388962	3,974606	6,60611	15,71586	2,624612	12,8324	17,58543	0,06292785
% à 2,00 x écart type	91,7	91,7	94,4	91,7	94,4	94,4	97,2	94,4	94,4	91,7	94,4	94,4	100,0	91,7	100,0	91,7	97,2	97,2	94,4	94,4	88,9	88,9	94,4	94,4	97,2	97,2	91,7	97,2	94,4	91,7	94,4	97,2	97,2	97,2	91,7	97,2	100,0	94,4	97,2	94,4	97,2	97,2	97,2	100,0	94,4	91,7	97,2	97,2	94,4	94,4	97,2	97,2	94,4	94,4	100,0	97,2	94,4	97,2	94,4	100,0	83,3	97,2	91,7	97,2	97,2	94,4	97,2	97,2	91,7	91,7	97,2	94,4	97,2	94,4	94,4	94,4	97,2	94,4	97,2	94,4	97,2	94,4	94,4	97,2	94,4	97,2	94,4	94,4	97,2	97,2	94,4	97,2	94,4	94,44444
