Date	Heure début	Heure fin	ID Programme	ID Lot	Utilisateur	ID Variété	ID Sous variété	Code variété	Masse totale mesurée	Nb mesures	Nb graines	PMG	Masse Surfacique (gr/mm2)	Masse ext.	PMG ext.	Classifieur	Masse analysée	%Clas. NI (nb)	%Clas. NI (masse)	Masse Clas. NI	Nb Clas. NI	PMG Clas. NI	%Clas. C1 (nb)	%Clas. C1 (masse)	Masse Clas. C1	Nb Clas. C1	PMG Clas. C1	%Clas. C2 (nb)	%Clas. C2 (masse)	Masse Clas. C2	Nb Clas. C2	PMG Clas. C2	%Clas. C3 (nb)	%Clas. C3 (masse)	Masse Clas. C3	Nb Clas. C3	PMG Clas. C3	%Clas. C4 (nb)	%Clas. C4 (masse)	Masse Clas. C4	Nb Clas. C4	PMG Clas. C4	Dossier Mesure
22/11/2022	09:22:14	09:22:14	Blé dur - Métrologie complète + classification cassés	212_222_227	Mecarnot	Blé dur	Standard	0101	1,730	1	36	48,056	0,002703349	0,000	0,000	Graines entiers et cassés_test	1,730	0,0	0,0	0,000	0	0,000	100,0	100,0	1,730	36	48,056	0,0	0,0	0,000	0	0,000	0,0	0,0	0,000	0	0,000	0,0	0,0	0,000	0	0,000	2022-11-22_092214_0101_Mecarnot_212_222_227



Mesure	Longueur (mm)	Longueur intérieure (mm)	Largeur (mm)	Périmètre (mm)	Périmètre de Crofton (mm)	Périmètre convexe (mm)	Dimètre Eq. (mm)	Surface (mm2)	Surface convexe (mm2)	Surface DiffCAP (mm2)	Surface DiffCEN (mm2)	Surface DiffEAP (mm2)	Finesse	Excentricité	F. Feret	Compacité	Circularité	Rugosité	Index de courbure	Moment inertie 1	Moment inertie 2	Moment inertie 3	Symétrie	Moyenne ndg	Ecart type ndg	Minimum ndg	Maximum ndg	Histo. Kurtose	Histo. Moyenne	Histo. Pic	Histo. Assymétrie	Histo. Ecart type	Histo. Variance	Cooc. Contraste	Cooc. Corrélation	Cooc. Variance globale	Cooc. Homogénéïté	Cooc. Somme des moyennes	Cooc. Somme des variances	Cooc. Somme des entropies	Cooc. Entropie globale	Cooc. Ecart variance	Cooc. Ecart entropie	Cooc. Corrélation IC1	Cooc. Corrélation IC2	RVB R Moy	RVB R Ect	RVB R Min	RVB R Max	RVB V Moy	RVB V Ect	RVB V Min	RVB V Max	RVB B Moy	RVB B Ect	RVB B Min	RVB B Max	TSI T Moy	TSI T Ect	TSI T Min	TSI T Max	TSI S Moy	TSI S Ect	TSI S Min	TSI S Max	TSI I Moy	TSI I Ect	TSI I Min	TSI I Max	CMJ C Moy	CMJ C Ect	CMJ C Min	CMJ C Max	CMJ M Moy	CMJ M Ect	CMJ M Min	CMJ M Max	CMJ J Moy	CMJ J Ect	CMJ J Min	CMJ J Max	Lab L Moy	Lab L Ect	Lab L Min	Lab L Max	Lab a Moy	Lab a Ect	Lab a Min	Lab a Max	Lab b Moy	Lab b Ect	Lab b Min	Lab b Max	Poids estimé (gr)
Moyenne	7,580032	7,645391	3,08948	20,86967	17,38716	17,41507	4,746716	17,7763	17,85401	10,84294	26,72582	2,213717	2,409335	0,913825	2,404764	0,01377354	1,363104	0,2868751	0,979473	56,87282	332,7393	-3,554994	0,8922223	129,1199	7,772154	111,5833	149,4722	0,2822949	129,1268	128,5454	0,208863	7,776763	69,90107	5,730417	318,6259	69,12405	0,4435439	260,2341	270,7658	3,921109	5,203202	2,264967	1,608591	-0,4068267	0,960385	146,3568	7,316647	128,5	165,1389	130,7868	8,484569	110,4444	153,3889	110,2232	8,289748	92,80556	133,0833	24,42968	2,695415	14,91667	33,94444	37,60226	5,539368	20,86111	50,61111	129,1199	7,772154	111,5833	149,4722	108,6433	7,056139	89,86111	126,5	124,2132	8,356068	101,6111	144,5556	144,7768	7,960192	121,9167	162,1944	55,51738	3,103253	47,82219	63,82864	2,498688	0,7016596	0,8756541	4,200309	13,28955	0,8322509	11,0416	13,63385	0,04805556
Ecart type	0,4616758	0,4547529	0,3019814	1,330421	1,025143	1,025181	0,3248525	2,451898	2,412946	1,400411	3,697538	1,459985	0,2011383	0,01531117	0,2028067	0,0008774828	0,07662474	0,02730702	0,006869509	13,39346	38,18283	22,94559	0,03145642	7,913938	3,073663	6,84501	10,79477	1,716237	7,914876	10,84477	0,7034937	3,069695	59,53577	4,11789	230,7789	60,30009	0,1113805	16,17176	238,9314	0,3896492	0,6266519	1,44585	0,281767	0,04900801	0,0173786	7,859601	3,312083	7,037598	12,32241	8,232433	3,402177	7,436563	10,92723	8,026608	2,612532	6,777493	9,172347	1,20573	0,5512385	2,453738	2,738049	4,218304	1,069467	3,606728	4,945693	7,913938	3,073663	6,84501	10,79477	7,859598	2,288515	12,32241	7,037598	8,232432	2,249082	10,92723	7,436563	8,026606	1,980122	9,172347	6,777493	3,14022	0,8495499	2,855607	4,170527	0,5809092	0,3437618	1,214351	1,340481	1,359071	0,4620382	1,834183	1,86207	0,006628337
Mini	6,485915	6,51576	2,639	18,084	14,96651	14,99399	4,196358	13,82836	13,87058	7,330896	18,26799	1,374033	1,98092	0,8719926	1,98092	0,0125	1,225495	0,2383289	0,9598417	39,82249	234,5433	-72,28683	0,81	113,4067	3,687218	98,	124,	-1,035974	113,3919	105,8477	-1,426628	3,713402	13,78935	1,388998	47,417	13,13454	0,2257918	228,7875	51,14915	2,895306	3,740664	0,7220507	1,12252	-0,5320258	0,8917477	129,7102	3,320134	114,	140,	114,6151	4,066578	95,	127,	95,08723	4,023709	80,	110,	21,29922	1,843468	9,	28,	29,61523	3,494824	10,	40,	113,4067	3,687218	98,	124,	89,16652	3,633659	55,	112,	104,3261	4,642812	71,99999	131,	127,6444	4,355204	94,99999	148,	49,19396	1,852425	41,77628	53,89943	1,231881	0,1537173	-1,469211	1,855312	10,53355	0,1146523	6,318361	10,86886	0,03738288
Maxi	8,32	8,440524	4,037295	24,0435	19,6464	19,57275	5,649074	25,05994	25,01772	13,49642	35,15168	10,66999	2,846154	0,9433912	2,846154	0,01603475	1,52392	0,3385029	0,9948245	111,7209	399,3607	41,96471	0,93	147,9146	15,70156	125,	180,	8,029064	147,9236	157,0977	2,663046	15,69877	246,4513	18,16176	1073,106	251,2412	0,6741429	299,2903	1000,675	4,700741	6,390841	6,598106	2,215645	-0,321647	0,9920066	165,8335	16,59344	143,	200,	150,6739	17,54299	124,	183,	127,3556	14,28214	107,	160,	27,07559	3,821	19,	42,	45,37674	7,956913	29,	60,	147,9146	15,70156	125,	180,	125,2898	13,27529	115,	141,	140,3849	15,00325	128,	160,	159,9128	12,47369	145,	175,	63,05777	5,626146	53,22683	75,25456	3,687182	1,702343	3,302092	8,043929	16,1237	2,08002	15,66374	19,87871	0,06774577
% à 2,00 x écart type	91,7	94,4	97,2	94,4	94,4	94,4	97,2	97,2	97,2	94,4	91,7	97,2	94,4	97,2	94,4	91,7	94,4	100,0	94,4	97,2	97,2	97,2	94,4	94,4	91,7	100,0	94,4	97,2	94,4	91,7	94,4	91,7	91,7	91,7	97,2	91,7	97,2	94,4	91,7	91,7	94,4	94,4	94,4	97,2	97,2	88,9	91,7	94,4	94,4	94,4	91,7	97,2	94,4	94,4	91,7	97,2	94,4	91,7	97,2	94,4	91,7	100,0	94,4	94,4	94,4	94,4	91,7	100,0	94,4	88,9	91,7	94,4	94,4	94,4	94,4	94,4	97,2	94,4	97,2	94,4	97,2	91,7	94,4	97,2	94,4	94,4	94,4	100,0	94,4	94,4	94,4	91,7	97,2	97,22222
