Date	Heure début	Heure fin	ID Programme	ID Lot	Utilisateur	ID Variété	ID Sous variété	Code variété	Masse totale mesurée	Nb mesures	Nb graines	PMG	Masse Surfacique (gr/mm2)	Masse ext.	PMG ext.	Classifieur	Masse analysée	%Clas. NI (nb)	%Clas. NI (masse)	Masse Clas. NI	Nb Clas. NI	PMG Clas. NI	%Clas. C1 (nb)	%Clas. C1 (masse)	Masse Clas. C1	Nb Clas. C1	PMG Clas. C1	%Clas. C2 (nb)	%Clas. C2 (masse)	Masse Clas. C2	Nb Clas. C2	PMG Clas. C2	%Clas. C3 (nb)	%Clas. C3 (masse)	Masse Clas. C3	Nb Clas. C3	PMG Clas. C3	%Clas. C4 (nb)	%Clas. C4 (masse)	Masse Clas. C4	Nb Clas. C4	PMG Clas. C4	Dossier Mesure
22/11/2022	13:06:08	13:06:08	Blé dur - Métrologie complète + classification cassés	407_410_412	Mecarnot	Blé dur	Standard	0101	2,030	1	36	56,389	0,002713642	0,000	0,000	Graines entiers et cassés_test	2,030	0,0	0,0	0,000	0	0,000	100,0	100,0	2,030	36	56,389	0,0	0,0	0,000	0	0,000	0,0	0,0	0,000	0	0,000	0,0	0,0	0,000	0	0,000	2022-11-22_130608_0101_Mecarnot_407_410_412



Mesure	Longueur (mm)	Longueur intérieure (mm)	Largeur (mm)	Périmètre (mm)	Périmètre de Crofton (mm)	Périmètre convexe (mm)	Dimètre Eq. (mm)	Surface (mm2)	Surface convexe (mm2)	Surface DiffCAP (mm2)	Surface DiffCEN (mm2)	Surface DiffEAP (mm2)	Finesse	Excentricité	F. Feret	Compacité	Circularité	Rugosité	Index de courbure	Moment inertie 1	Moment inertie 2	Moment inertie 3	Symétrie	Moyenne ndg	Ecart type ndg	Minimum ndg	Maximum ndg	Histo. Kurtose	Histo. Moyenne	Histo. Pic	Histo. Assymétrie	Histo. Ecart type	Histo. Variance	Cooc. Contraste	Cooc. Corrélation	Cooc. Variance globale	Cooc. Homogénéïté	Cooc. Somme des moyennes	Cooc. Somme des variances	Cooc. Somme des entropies	Cooc. Entropie globale	Cooc. Ecart variance	Cooc. Ecart entropie	Cooc. Corrélation IC1	Cooc. Corrélation IC2	RVB R Moy	RVB R Ect	RVB R Min	RVB R Max	RVB V Moy	RVB V Ect	RVB V Min	RVB V Max	RVB B Moy	RVB B Ect	RVB B Min	RVB B Max	TSI T Moy	TSI T Ect	TSI T Min	TSI T Max	TSI S Moy	TSI S Ect	TSI S Min	TSI S Max	TSI I Moy	TSI I Ect	TSI I Min	TSI I Max	CMJ C Moy	CMJ C Ect	CMJ C Min	CMJ C Max	CMJ M Moy	CMJ M Ect	CMJ M Min	CMJ M Max	CMJ J Moy	CMJ J Ect	CMJ J Min	CMJ J Max	Lab L Moy	Lab L Ect	Lab L Min	Lab L Max	Lab a Moy	Lab a Ect	Lab a Min	Lab a Max	Lab b Moy	Lab b Ect	Lab b Min	Lab b Max	Poids estimé (gr)
Moyenne	8,382181	8,450414	3,262096	22,81621	19,05982	19,07688	5,13566	20,77978	20,90909	13,32888	33,54157	2,176982	2,516295	0,9206886	2,515891	0,01245501	1,397175	0,2820191	0,9799759	62,20827	405,9964	-3,600726	0,9027778	125,4285	9,040043	103,5278	149,0556	0,2928829	125,434	126,0078	0,12141	9,037785	89,95299	6,164812	209,7558	88,89346	0,4220611	252,854	349,4089	4,092996	5,42027	2,333905	1,647722	-0,4216297	0,9689204	141,5883	8,741568	118,8056	163,4444	126,4874	9,871069	101,8056	152,4444	108,2106	9,360054	87,41666	134,5278	23,29198	3,158142	12,	35,19444	35,11875	6,162121	16,36111	49,63889	125,4285	9,040043	103,5278	149,0556	113,4117	8,842262	91,55556	136,1944	128,5126	10,03554	102,5556	153,1944	146,7894	9,358883	120,4722	167,5833	53,84419	3,79057	44,29882	63,46762	2,697412	0,7772081	0,9230825	4,42428	12,04162	0,8963268	9,509056	11,98207	0,05638887
Ecart type	0,5025463	0,4987803	0,2358074	1,257014	1,067706	1,076908	0,2941832	2,344651	2,380512	1,742706	4,654298	0,3205109	0,1814157	0,01228076	0,1818063	0,000799942	0,06467961	0,02793507	0,007120511	8,909881	48,30032	16,31367	0,02467693	8,638005	2,877695	9,4824	9,706655	1,504712	8,637098	13,25901	0,6713127	2,876014	58,13799	3,879407	247,7602	58,17339	0,1142327	17,6438	231,0471	0,3167529	0,5390187	1,18825	0,2720619	0,05201362	0,01403722	9,560071	3,157419	11,7894	10,39082	9,469127	3,117241	10,21932	10,28063	7,350023	2,578384	7,231778	8,477049	2,152666	0,8467971	4,096068	3,842883	4,295147	1,20478	5,44749	4,353496	8,638005	2,877695	9,4824	9,706655	9,56008	3,14105	10,39082	11,7894	9,469124	3,054808	10,28063	10,21932	7,350028	2,481818	8,477047	7,231777	3,634355	1,194131	4,209255	3,787231	0,7320762	0,3645881	1,441113	1,323332	1,913074	0,5587275	2,117304	2,408227	0,006362545
Mini	6,864	6,922974	2,842	19,317	15,96428	15,94199	4,478384	15,74955	15,67566	8,31901	20,45816	1,755039	2,171429	0,8919235	2,171429	0,01123596	1,283387	0,2315003	0,9625105	43,74869	264,607	-30,6313	0,83	108,3721	2,98341	78,	126,	-1,19692	108,3725	105,9492	-1,240388	2,989233	8,935515	1,401338	37,81763	8,210316	0,222986	218,0368	31,43992	3,110386	3,949546	0,6701889	1,14304	-0,5219293	0,9219117	121,8747	3,14198	88,	144,	108,1944	3,426503	76,	130,	94,56934	3,856248	69,	111,	19,31659	1,980686	3,	30,	24,65087	3,55582	6,	40,	108,3721	2,98341	78,	126,	93,33415	3,507848	67,99999	119,	106,2732	3,683769	81,99999	138,	131,0894	4,393377	105,	153,	46,60737	1,377469	33,29293	55,11584	0,6654109	0,1106722	-1,575272	2,400705	7,870574	0,0467329	4,765699	7,98597	0,04273864
Maxi	9,256001	9,278986	3,7555	25,071	20,96291	20,95457	5,632392	24,91216	25,01772	15,90444	40,85687	2,973912	2,896552	0,9405091	2,896552	0,01515152	1,538568	0,3402718	0,9908231	82,34472	492,4962	27,68371	0,94	144,765	16,31152	117,	168,	5,202065	144,7751	162,9023	2,113201	16,30058	265,7089	15,66441	1474,67	266,1278	0,6260613	292,8244	1058,882	4,629642	6,259176	4,996987	2,140381	-0,3252033	0,9907329	161,6658	16,44729	136,	187,	148,7268	17,67376	117,	173,	123,9106	15,27736	102,	150,	28,40325	5,670861	18,	42,	42,6555	9,748075	25,	60,	144,765	16,31152	117,	168,	133,1253	15,7839	111,	167,	146,8055	17,26852	125,	179,	160,4307	15,98235	144,	186,	62,09005	6,38492	50,45398	71,19072	3,840211	1,95712	4,07157	8,140154	14,85669	2,19203	13,05578	16,89434	0,06760269
% à 2,00 x écart type	94,4	94,4	97,2	94,4	94,4	94,4	94,4	97,2	97,2	94,4	97,2	94,4	97,2	97,2	97,2	91,7	97,2	97,2	97,2	94,4	94,4	100,0	97,2	94,4	88,9	91,7	94,4	91,7	94,4	91,7	94,4	88,9	91,7	94,4	97,2	91,7	100,0	94,4	91,7	97,2	97,2	97,2	100,0	100,0	97,2	94,4	91,7	91,7	94,4	94,4	88,9	91,7	94,4	94,4	94,4	94,4	97,2	94,4	97,2	97,2	100,0	97,2	91,7	100,0	91,7	94,4	88,9	91,7	94,4	94,4	97,2	94,4	91,7	94,4	91,7	94,4	91,7	94,4	94,4	97,2	94,4	94,4	91,7	91,7	91,7	94,4	97,2	97,2	94,4	97,2	94,4	94,4	97,2	97,22222
