Date	Heure début	Heure fin	ID Programme	ID Lot	Utilisateur	ID Variété	ID Sous variété	Code variété	Masse totale mesurée	Nb mesures	Nb graines	PMG	Masse Surfacique (gr/mm2)	Masse ext.	PMG ext.	Classifieur	Masse analysée	%Clas. NI (nb)	%Clas. NI (masse)	Masse Clas. NI	Nb Clas. NI	PMG Clas. NI	%Clas. C1 (nb)	%Clas. C1 (masse)	Masse Clas. C1	Nb Clas. C1	PMG Clas. C1	%Clas. C2 (nb)	%Clas. C2 (masse)	Masse Clas. C2	Nb Clas. C2	PMG Clas. C2	%Clas. C3 (nb)	%Clas. C3 (masse)	Masse Clas. C3	Nb Clas. C3	PMG Clas. C3	%Clas. C4 (nb)	%Clas. C4 (masse)	Masse Clas. C4	Nb Clas. C4	PMG Clas. C4	Dossier Mesure
22/11/2022	11:34:43	11:34:43	Blé dur - Métrologie complète + classification cassés	370_371_372	Mecarnot	Blé dur	Standard	0101	1,700	1	36	47,222	0,00268155	0,000	0,000	Graines entiers et cassés_test	1,700	0,0	0,0	0,000	0	0,000	100,0	100,0	1,700	36	47,222	0,0	0,0	0,000	0	0,000	0,0	0,0	0,000	0	0,000	0,0	0,0	0,000	0	0,000	2022-11-22_113443_0101_Mecarnot_370_371_372



Mesure	Longueur (mm)	Longueur intérieure (mm)	Largeur (mm)	Périmètre (mm)	Périmètre de Crofton (mm)	Périmètre convexe (mm)	Dimètre Eq. (mm)	Surface (mm2)	Surface convexe (mm2)	Surface DiffCAP (mm2)	Surface DiffCEN (mm2)	Surface DiffEAP (mm2)	Finesse	Excentricité	F. Feret	Compacité	Circularité	Rugosité	Index de courbure	Moment inertie 1	Moment inertie 2	Moment inertie 3	Symétrie	Moyenne ndg	Ecart type ndg	Minimum ndg	Maximum ndg	Histo. Kurtose	Histo. Moyenne	Histo. Pic	Histo. Assymétrie	Histo. Ecart type	Histo. Variance	Cooc. Contraste	Cooc. Corrélation	Cooc. Variance globale	Cooc. Homogénéïté	Cooc. Somme des moyennes	Cooc. Somme des variances	Cooc. Somme des entropies	Cooc. Entropie globale	Cooc. Ecart variance	Cooc. Ecart entropie	Cooc. Corrélation IC1	Cooc. Corrélation IC2	RVB R Moy	RVB R Ect	RVB R Min	RVB R Max	RVB V Moy	RVB V Ect	RVB V Min	RVB V Max	RVB B Moy	RVB B Ect	RVB B Min	RVB B Max	TSI T Moy	TSI T Ect	TSI T Min	TSI T Max	TSI S Moy	TSI S Ect	TSI S Min	TSI S Max	TSI I Moy	TSI I Ect	TSI I Min	TSI I Max	CMJ C Moy	CMJ C Ect	CMJ C Min	CMJ C Max	CMJ M Moy	CMJ M Ect	CMJ M Min	CMJ M Max	CMJ J Moy	CMJ J Ect	CMJ J Min	CMJ J Max	Lab L Moy	Lab L Ect	Lab L Min	Lab L Max	Lab a Moy	Lab a Ect	Lab a Min	Lab a Max	Lab b Moy	Lab b Ect	Lab b Min	Lab b Max	Poids estimé (gr)
Moyenne	7,42618	7,472868	3,092931	20,55571	17,1228	17,15279	4,7246	17,61005	17,61767	10,33114	25,03695	1,850236	2,362411	0,9084074	2,359563	0,01404286	1,334927	0,2816098	0,9817666	57,38387	319,5676	0,08734099	0,9016665	123,3752	8,849405	102,3333	145,25	-0,09753629	123,3817	122,9562	0,01416384	8,849457	85,42083	6,372968	198,0706	84,5723	0,4078779	249,0131	331,9162	4,08433	5,43392	2,375484	1,674391	-0,4135701	0,9667752	139,4322	9,135935	117,1667	161,25	124,1333	9,689836	100,5556	148,4722	106,5571	8,485706	87,11111	129,1111	22,69563	3,120633	11,77778	33,91667	34,75305	5,445718	18,36111	48,33333	123,3752	8,849405	102,3333	145,25	115,5678	8,679623	93,75	137,8333	130,8667	9,300432	106,5278	154,4444	148,4429	8,136309	125,8889	167,8889	52,96796	3,56137	43,76767	62,09285	2,905653	0,6689043	1,405572	4,431283	11,73169	0,9145301	9,418972	12,56828	0,04722222
Ecart type	0,3862425	0,3784633	0,3160168	1,205567	0,9364089	0,9273282	0,321366	2,346194	2,32971	1,149119	2,828271	0,2200331	0,2152227	0,01686497	0,218782	0,0007384341	0,07009621	0,02801554	0,007964809	11,3875	33,64988	19,68505	0,02522124	6,385038	2,664963	10,55673	7,942064	1,027634	6,38542	9,740825	0,578237	2,666075	49,9209	4,446099	168,5377	50,19369	0,09391316	13,07457	198,8082	0,2903762	0,4365879	1,404133	0,2346389	0,05119562	0,0158829	7,463367	3,127334	12,05428	9,001158	7,155243	2,865651	11,04899	8,552083	5,236739	2,260408	8,309225	7,263982	2,09229	0,6600467	3,598697	3,714648	4,409337	0,9343221	4,685395	4,88194	6,385038	2,664963	10,55673	7,942064	7,463368	3,043638	9,00116	12,05428	7,155243	2,899615	8,552086	11,04899	5,236747	2,523407	7,263982	8,309225	2,758052	1,169339	4,54786	3,134771	0,813934	0,3037747	1,663428	1,176641	1,905522	0,5877202	2,374669	2,387329	0,006291437
Mini	6,656	6,719292	2,3345	17,673	14,91924	15,07592	3,969179	12,37163	12,38219	8,508633	19,94907	1,504713	2,058824	0,8778101	2,	0,01282051	1,227307	0,237682	0,9647627	34,03797	261,3934	-41,92199	0,84	108,042	3,782176	69,	130,	-1,198161	108,0333	105,1172	-1,522386	3,778852	14,27972	2,065237	23,36125	14,1737	0,199514	217,5561	54,53777	3,37629	4,441628	0,8261023	1,275715	-0,5516884	0,9299256	124,7302	3,420359	78,	142,	107,6227	4,370321	66,	131,	91,77615	4,830023	64,	118,	19,38824	2,17432	0,	27,	24,374	3,73299	5,	38,	108,042	3,782176	69,	130,	98,85178	3,013415	74,99999	122,	114,7607	4,963636	87,99999	140,	139,8116	4,834025	109,	152,	46,65033	1,754351	29,12377	55,52129	1,64327	0,1576268	-1,472139	2,320142	7,773834	0,1175477	3,115601	8,065621	0,03317514
Maxi	8,112	8,108367	3,7555	22,3995	18,55408	18,66475	5,328241	22,29427	22,14649	12,65018	30,25639	2,496638	2,875	0,9460506	2,875	0,015625	1,518114	0,3503664	0,9945697	88,83096	386,7489	54,21446	0,95	137,1964	14,65654	117,	161,	3,319993	137,2036	153,9922	1,114359	14,65566	214,7885	25,40374	917,8337	212,8449	0,5655608	276,64	848,3206	4,569904	6,497955	8,43242	2,377024	-0,3275717	0,9933583	156,1482	17,21092	133,	180,	140,2393	15,52493	115,	167,	115,1884	12,8225	103,	146,	26,47857	5,023292	18,	42,	41,64482	8,189455	29,	58,	137,1964	14,65654	117,	161,	130,2698	19,68252	113,	177,	147,3773	18,43898	124,	189,	163,2239	13,81651	137,	191,	59,11387	7,610079	49,54256	68,85753	4,14487	1,238428	4,823766	7,03067	15,56523	2,599462	14,77387	17,56504	0,05978319
% à 2,00 x écart type	100,0	100,0	88,9	97,2	97,2	97,2	97,2	97,2	97,2	97,2	100,0	97,2	94,4	97,2	94,4	97,2	94,4	97,2	97,2	94,4	100,0	94,4	94,4	91,7	97,2	91,7	100,0	91,7	91,7	97,2	94,4	97,2	94,4	94,4	97,2	91,7	97,2	91,7	94,4	94,4	94,4	94,4	94,4	94,4	91,7	97,2	97,2	91,7	94,4	91,7	97,2	94,4	94,4	94,4	100,0	94,4	91,7	100,0	94,4	97,2	97,2	97,2	94,4	94,4	97,2	91,7	97,2	91,7	100,0	97,2	94,4	94,4	91,7	91,7	94,4	94,4	94,4	94,4	94,4	91,7	94,4	91,7	94,4	91,7	94,4	100,0	100,0	97,2	91,7	94,4	97,2	91,7	97,2	97,22222
