Date	Heure début	Heure fin	ID Programme	ID Lot	Utilisateur	ID Variété	ID Sous variété	Code variété	Masse totale mesurée	Nb mesures	Nb graines	PMG	Masse Surfacique (gr/mm2)	Masse ext.	PMG ext.	Classifieur	Masse analysée	%Clas. NI (nb)	%Clas. NI (masse)	Masse Clas. NI	Nb Clas. NI	PMG Clas. NI	%Clas. C1 (nb)	%Clas. C1 (masse)	Masse Clas. C1	Nb Clas. C1	PMG Clas. C1	%Clas. C2 (nb)	%Clas. C2 (masse)	Masse Clas. C2	Nb Clas. C2	PMG Clas. C2	%Clas. C3 (nb)	%Clas. C3 (masse)	Masse Clas. C3	Nb Clas. C3	PMG Clas. C3	%Clas. C4 (nb)	%Clas. C4 (masse)	Masse Clas. C4	Nb Clas. C4	PMG Clas. C4	Dossier Mesure
22/11/2022	10:38:38	10:38:38	Blé dur - Métrologie complète + classification cassés	279_288_292	Mecarnot	Blé dur	Standard	0101	1,880	1	36	52,222	0,002717142	0,000	0,000	Graines entiers et cassés_test	1,880	0,0	0,0	0,000	0	0,000	100,0	100,0	1,880	36	52,222	0,0	0,0	0,000	0	0,000	0,0	0,0	0,000	0	0,000	0,0	0,0	0,000	0	0,000	2022-11-22_103838_0101_Mecarnot_279_288_292



Mesure	Longueur (mm)	Longueur intérieure (mm)	Largeur (mm)	Périmètre (mm)	Périmètre de Crofton (mm)	Périmètre convexe (mm)	Dimètre Eq. (mm)	Surface (mm2)	Surface convexe (mm2)	Surface DiffCAP (mm2)	Surface DiffCEN (mm2)	Surface DiffEAP (mm2)	Finesse	Excentricité	F. Feret	Compacité	Circularité	Rugosité	Index de courbure	Moment inertie 1	Moment inertie 2	Moment inertie 3	Symétrie	Moyenne ndg	Ecart type ndg	Minimum ndg	Maximum ndg	Histo. Kurtose	Histo. Moyenne	Histo. Pic	Histo. Assymétrie	Histo. Ecart type	Histo. Variance	Cooc. Contraste	Cooc. Corrélation	Cooc. Variance globale	Cooc. Homogénéïté	Cooc. Somme des moyennes	Cooc. Somme des variances	Cooc. Somme des entropies	Cooc. Entropie globale	Cooc. Ecart variance	Cooc. Ecart entropie	Cooc. Corrélation IC1	Cooc. Corrélation IC2	RVB R Moy	RVB R Ect	RVB R Min	RVB R Max	RVB V Moy	RVB V Ect	RVB V Min	RVB V Max	RVB B Moy	RVB B Ect	RVB B Min	RVB B Max	TSI T Moy	TSI T Ect	TSI T Min	TSI T Max	TSI S Moy	TSI S Ect	TSI S Min	TSI S Max	TSI I Moy	TSI I Ect	TSI I Min	TSI I Max	CMJ C Moy	CMJ C Ect	CMJ C Min	CMJ C Max	CMJ M Moy	CMJ M Ect	CMJ M Min	CMJ M Max	CMJ J Moy	CMJ J Ect	CMJ J Min	CMJ J Max	Lab L Moy	Lab L Ect	Lab L Min	Lab L Max	Lab a Moy	Lab a Ect	Lab a Min	Lab a Max	Lab b Moy	Lab b Ect	Lab b Min	Lab b Max	Poids estimé (gr)
Moyenne	7,961046	7,996906	3,206628	21,89716	18,16633	18,17177	4,939687	19,21954	19,31396	11,76334	29,72118	1,985834	2,438638	0,9140896	2,435546	0,01310565	1,372847	0,283092	0,9835167	61,766	360,2113	-2,259425	0,9027778	133,2476	10,31132	107,5278	156,2778	-0,2173937	133,2529	133,4492	-0,07852456	10,31292	114,1319	8,011038	145,6529	113,4129	0,380327	268,6964	445,6407	4,231695	5,63441	2,864977	1,747509	-0,4236962	0,9712623	149,6483	10,03697	124,25	171,8611	135,0317	11,38374	106,	160,6667	115,0698	10,1529	90,38889	138,5278	24,7732	3,234199	13,52778	35,19444	35,0083	5,331353	17,69444	48,63889	133,2476	10,31132	107,5278	156,2778	105,3518	9,372785	83,13889	130,75	119,9683	10,62841	94,33334	149,	139,9302	9,290749	116,4722	164,6111	57,07567	3,977962	46,10757	66,48111	2,176579	0,8671634	0,3595314	4,638205	12,7432	0,7888414	10,77176	13,66042	0,05222222
Ecart type	0,4425914	0,4353991	0,2848568	1,152801	0,9147875	0,9103679	0,2723831	2,130665	2,108802	1,429539	4,159528	0,1988321	0,2222658	0,01679126	0,2262641	0,0007578703	0,07140321	0,0262419	0,007194622	11,93486	39,52811	28,09284	0,03078701	10,11512	2,790971	7,013821	10,32153	0,846823	10,11307	15,3804	0,5204574	2,788477	59,24113	5,079613	108,2216	59,13959	0,1132032	20,67154	234,8715	0,2553636	0,4467942	1,594035	0,2972479	0,07142983	0,01569234	10,24568	3,239545	8,722178	11,50882	10,91255	3,149608	7,164729	11,14301	9,501689	2,136257	6,237333	8,989147	1,863449	0,6172633	2,397755	3,526247	3,739835	0,9961147	5,00455	5,175545	10,11512	2,790971	7,013821	10,32153	10,24568	2,98736	11,50882	8,722178	10,91255	2,909982	11,14301	7,164729	9,501688	1,738367	8,98915	6,237333	4,088408	1,114822	2,951912	4,122491	0,8546442	0,3698645	1,007182	1,287271	1,432391	0,532153	2,19588	1,900386	0,005789319
Mini	6,980461	6,968372	2,842	19,728	16,411	16,28902	4,449777	15,54899	16,05568	8,254545	19,74345	1,560142	2,	0,8721475	1,969697	0,01183431	1,214842	0,2421973	0,967308	44,28223	267,7334	-58,49533	0,81	116,4778	4,616103	88,	135,	-1,109638	116,4672	101,8867	-1,391605	4,628391	21,42201	1,667558	38,13829	20,32275	0,1884352	235,3274	79,31226	3,555852	4,582875	0,8089805	1,193247	-0,5363945	0,9303293	131,0673	4,206252	97,	150,	116,5214	5,155943	87,	137,	100,1668	5,169495	80,	120,	21,12868	2,02542	8,	28,	27,37734	3,299433	7,	40,	116,4778	4,616103	88,	135,	82,67633	4,55056	60,	117,	95,71227	4,902885	69,99999	136,	119,2187	6,009898	98,99999	153,	49,97577	1,883453	37,72906	57,78123	0,5676556	0,2478277	-2,077764	2,246721	9,250115	0,05113919	5,541942	9,385391	0,04224881
Maxi	8,788007	8,773483	3,943205	24,4545	19,97899	19,89444	5,47261	23,51877	23,47655	14,32392	37,08976	2,475638	2,928571	0,9405952	2,928571	0,01489873	1,546537	0,3498544	0,9964689	94,84608	430,5551	75,45655	0,95	155,4288	15,59556	120,	178,	3,322723	155,4328	171,1445	0,683894	15,59752	243,2828	19,2432	629,2615	242,9218	0,6182977	313,9835	965,1093	4,597841	6,258898	5,862755	2,196226	-0,2968824	0,9910789	172,3237	16,04703	138,	195,	159,2877	17,49042	119,	185,	135,7813	13,95584	102,	156,	28,47952	4,188157	19,	52,	41,542	7,311484	26,	58,	155,4288	15,59556	120,	178,	123,9327	16,38085	105,	158,	138,4786	16,42518	118,	168,	154,8332	12,9165	135,	175,	66,07565	6,202864	51,30908	75,26452	3,759389	1,811609	2,659273	8,034677	15,88128	2,08878	14,72838	17,75605	0,06390383
% à 2,00 x écart type	91,7	94,4	94,4	97,2	100,0	97,2	100,0	97,2	100,0	94,4	97,2	91,7	97,2	91,7	94,4	91,7	94,4	94,4	94,4	94,4	97,2	88,9	91,7	94,4	97,2	97,2	91,7	94,4	94,4	91,7	91,7	97,2	97,2	94,4	97,2	97,2	97,2	94,4	97,2	97,2	94,4	100,0	100,0	100,0	94,4	94,4	100,0	94,4	97,2	94,4	100,0	94,4	94,4	94,4	97,2	100,0	97,2	100,0	100,0	94,4	94,4	97,2	97,2	94,4	100,0	94,4	97,2	97,2	91,7	94,4	97,2	97,2	94,4	94,4	100,0	94,4	94,4	94,4	97,2	97,2	100,0	94,4	100,0	97,2	94,4	100,0	94,4	94,4	97,2	91,7	91,7	97,2	94,4	97,22222
