Date	Heure début	Heure fin	ID Programme	ID Lot	Utilisateur	ID Variété	ID Sous variété	Code variété	Masse totale mesurée	Nb mesures	Nb graines	PMG	Masse Surfacique (gr/mm2)	Masse ext.	PMG ext.	Classifieur	Masse analysée	%Clas. NI (nb)	%Clas. NI (masse)	Masse Clas. NI	Nb Clas. NI	PMG Clas. NI	%Clas. C1 (nb)	%Clas. C1 (masse)	Masse Clas. C1	Nb Clas. C1	PMG Clas. C1	%Clas. C2 (nb)	%Clas. C2 (masse)	Masse Clas. C2	Nb Clas. C2	PMG Clas. C2	%Clas. C3 (nb)	%Clas. C3 (masse)	Masse Clas. C3	Nb Clas. C3	PMG Clas. C3	%Clas. C4 (nb)	%Clas. C4 (masse)	Masse Clas. C4	Nb Clas. C4	PMG Clas. C4	Dossier Mesure
02/11/2022	15:23:03	15:23:03	Blé dur - Métrologie complète + classification cassés	31-13	Mecarnot	Blé dur	Standard	0101	1,560	1	36	43,333	0,002528803	0,000	0,000	Graines entiers et cassés_test	1,560	0,0	0,0	0,000	0	0,000	88,9	92,3	1,441	32	45,020	11,1	7,7	0,119	4	29,837	0,0	0,0	0,000	0	0,000	0,0	0,0	0,000	0	0,000	2022-11-02_152303_0101_Mecarnot_31-13



Mesure	Longueur (mm)	Longueur intérieure (mm)	Largeur (mm)	Périmètre (mm)	Périmètre de Crofton (mm)	Périmètre convexe (mm)	Dimètre Eq. (mm)	Surface (mm2)	Surface convexe (mm2)	Surface DiffCAP (mm2)	Surface DiffCEN (mm2)	Surface DiffEAP (mm2)	Finesse	Excentricité	F. Feret	Compacité	Circularité	Rugosité	Index de courbure	Moment inertie 1	Moment inertie 2	Moment inertie 3	Symétrie	Moyenne ndg	Ecart type ndg	Minimum ndg	Maximum ndg	Histo. Kurtose	Histo. Moyenne	Histo. Pic	Histo. Assymétrie	Histo. Ecart type	Histo. Variance	Cooc. Contraste	Cooc. Corrélation	Cooc. Variance globale	Cooc. Homogénéïté	Cooc. Somme des moyennes	Cooc. Somme des variances	Cooc. Somme des entropies	Cooc. Entropie globale	Cooc. Ecart variance	Cooc. Ecart entropie	Cooc. Corrélation IC1	Cooc. Corrélation IC2	RVB R Moy	RVB R Ect	RVB R Min	RVB R Max	RVB V Moy	RVB V Ect	RVB V Min	RVB V Max	RVB B Moy	RVB B Ect	RVB B Min	RVB B Max	TSI T Moy	TSI T Ect	TSI T Min	TSI T Max	TSI S Moy	TSI S Ect	TSI S Min	TSI S Max	TSI I Moy	TSI I Ect	TSI I Min	TSI I Max	CMJ C Moy	CMJ C Ect	CMJ C Min	CMJ C Max	CMJ M Moy	CMJ M Ect	CMJ M Min	CMJ M Max	CMJ J Moy	CMJ J Ect	CMJ J Min	CMJ J Max	Lab L Moy	Lab L Ect	Lab L Min	Lab L Max	Lab a Moy	Lab a Ect	Lab a Min	Lab a Max	Lab b Moy	Lab b Ect	Lab b Min	Lab b Max	Poids estimé (gr)
Moyenne	7,303125	7,364157	3,046319	20,2075	16,83389	16,88674	4,645946	17,13591	17,17139	10,10532	24,81249	1,803514	2,349404	0,905234	2,346557	0,01447548	1,330175	0,2890223	0,9798968	56,31516	311,5931	7,074394	0,9033334	136,6287	10,26294	114,3889	163,8333	0,0381399	136,6366	135,7661	0,3297063	10,26367	115,0548	7,385584	190,5975	112,651	0,3858932	275,3392	443,2187	4,189291	5,564047	2,749663	1,740685	-0,4271988	0,9720891	153,8798	9,699311	131,6389	177,75	137,7465	11,06542	112,8611	167,5556	118,2616	10,63399	96,58334	149,3056	23,37104	2,935862	12,52778	34,83333	34,55816	5,296524	17,41667	47,16667	136,6287	10,26294	114,3889	163,8333	101,1202	9,071415	77,25	123,3611	117,2535	10,79016	87,44444	142,1389	136,7384	10,62447	105,6944	158,4167	58,25633	3,95227	48,87645	69,04105	2,842162	0,8238262	0,5809101	4,668118	12,65009	0,9659241	10,0035	12,51387	0,04333334
Ecart type	1,034542	1,042708	0,3784928	2,575363	2,118994	2,101073	0,4863425	3,594551	3,666735	3,170268	10,84687	0,3399083	0,2396129	0,02102739	0,2423296	0,001725789	0,1171081	0,04276462	0,007877502	13,66149	86,77932	24,02094	0,02748737	12,91908	3,116304	8,942029	14,61829	0,9881064	12,91811	16,46432	0,5791264	3,116391	68,01618	4,311556	200,4447	67,60503	0,09568483	26,30827	268,6699	0,3204041	0,4823973	1,413679	0,2493186	0,05173119	0,01405166	13,60728	3,467545	10,40607	14,79372	13,70459	3,287816	9,315915	15,13356	11,84562	2,645992	8,635762	15,2221	2,259166	0,6463289	3,989473	5,570258	4,472623	1,273762	4,803789	5,885481	12,91908	3,116304	8,942029	14,61829	13,60727	3,078119	14,79372	10,40607	13,70459	3,056451	15,13356	9,315915	11,84561	2,792031	15,2221	8,635762	5,20087	1,157947	3,742658	5,559623	0,8710974	0,3401441	1,39653	1,289055	1,87118	0,5013292	2,055335	2,097948	0,00908991
Mini	5,408	5,408362	2,1315	14,5905	12,28216	12,3627	3,407954	9,120384	9,02538	5,536826	13,32668	1,348917	1,975	0,8601644	1,975	0,008776957	1,184835	0,234343	0,9626793	28,34954	167,2894	-23,35124	0,82	106,1936	3,641673	95,	134,	-1,188713	106,192	99,88281	-0,8452625	3,638537	13,23895	1,724377	34,6362	12,8172	0,2005964	213,7647	49,54443	3,263506	4,173087	0,8189796	1,201734	-0,5112991	0,9392899	119,2118	3,868535	106,	147,	106,7433	4,119116	93,	138,	92,65778	4,708395	80,	120,	18,60604	1,959317	0,	29,	23,83932	3,153141	6,	39,	106,1936	3,641673	95,	134,	68,80754	3,573931	50,	104,	85,99999	4,298289	54,	122,	112,1731	5,188215	70,99999	140,	45,88404	1,571833	40,51584	57,78568	0,21955	0,166573	-2,268723	1,757491	9,24107	0,1327206	4,863173	8,438582	0,02306365
Maxi	11,84921	11,87286	4,06	30,2085	25,26293	25,14942	5,92094	27,53005	28,05785	24,82812	80,67284	3,254286	3,148661	0,9544973	3,148661	0,01923077	1,844533	0,5069862	0,9930845	96,28375	688,9454	104,7651	0,94	166,0102	16,52557	133,	195,	3,261336	166,0138	172,9297	1,568068	16,52296	273,0083	22,00915	1124,426	268,1783	0,5980942	334,8643	1063,721	4,745275	6,301884	7,579586	2,289511	-0,3243146	0,9917099	186,1925	17,06235	151,	205,	169,	17,84426	133,	201,	142,8269	15,80213	115,	184,	28,90598	5,22003	18,	55,	43,50513	9,324403	25,	60,	166,0102	16,52557	133,	195,	135,7882	18,52248	108,	149,	148,2567	17,93333	117,	162,	162,3422	17,33898	135,	175,	70,04758	7,037467	56,67588	80,70013	4,374681	1,774217	3,199712	7,603422	15,7774	2,206918	14,03332	16,55069	0,06961808
% à 2,00 x écart type	97,2	97,2	94,4	94,4	94,4	94,4	91,7	91,7	91,7	97,2	97,2	97,2	97,2	94,4	97,2	94,4	97,2	97,2	97,2	94,4	94,4	94,4	97,2	94,4	94,4	91,7	94,4	94,4	94,4	91,7	94,4	94,4	91,7	97,2	94,4	91,7	94,4	94,4	91,7	94,4	94,4	97,2	94,4	100,0	97,2	94,4	94,4	94,4	97,2	94,4	94,4	91,7	97,2	94,4	97,2	97,2	97,2	94,4	97,2	97,2	94,4	94,4	97,2	97,2	97,2	94,4	94,4	91,7	94,4	94,4	97,2	97,2	94,4	94,4	94,4	97,2	91,7	94,4	97,2	97,2	97,2	94,4	94,4	91,7	94,4	97,2	94,4	97,2	88,9	100,0	94,4	94,4	100,0	91,66666
