Date	Heure début	Heure fin	ID Programme	ID Lot	Utilisateur	ID Variété	ID Sous variété	Code variété	Masse totale mesurée	Nb mesures	Nb graines	PMG	Masse Surfacique (gr/mm2)	Masse ext.	PMG ext.	Classifieur	Masse analysée	%Clas. NI (nb)	%Clas. NI (masse)	Masse Clas. NI	Nb Clas. NI	PMG Clas. NI	%Clas. C1 (nb)	%Clas. C1 (masse)	Masse Clas. C1	Nb Clas. C1	PMG Clas. C1	%Clas. C2 (nb)	%Clas. C2 (masse)	Masse Clas. C2	Nb Clas. C2	PMG Clas. C2	%Clas. C3 (nb)	%Clas. C3 (masse)	Masse Clas. C3	Nb Clas. C3	PMG Clas. C3	%Clas. C4 (nb)	%Clas. C4 (masse)	Masse Clas. C4	Nb Clas. C4	PMG Clas. C4	Dossier Mesure
22/11/2022	13:00:12	13:00:12	Blé dur - Métrologie complète + classification cassés	399_401_402	Mecarnot	Blé dur	Standard	0101	1,710	1	36	47,500	0,002616887	0,000	0,000	Graines entiers et cassés_test	1,710	0,0	0,0	0,000	0	0,000	100,0	100,0	1,710	36	47,500	0,0	0,0	0,000	0	0,000	0,0	0,0	0,000	0	0,000	0,0	0,0	0,000	0	0,000	2022-11-22_130012_0101_Mecarnot_399_401_402



Mesure	Longueur (mm)	Longueur intérieure (mm)	Largeur (mm)	Périmètre (mm)	Périmètre de Crofton (mm)	Périmètre convexe (mm)	Dimètre Eq. (mm)	Surface (mm2)	Surface convexe (mm2)	Surface DiffCAP (mm2)	Surface DiffCEN (mm2)	Surface DiffEAP (mm2)	Finesse	Excentricité	F. Feret	Compacité	Circularité	Rugosité	Index de courbure	Moment inertie 1	Moment inertie 2	Moment inertie 3	Symétrie	Moyenne ndg	Ecart type ndg	Minimum ndg	Maximum ndg	Histo. Kurtose	Histo. Moyenne	Histo. Pic	Histo. Assymétrie	Histo. Ecart type	Histo. Variance	Cooc. Contraste	Cooc. Corrélation	Cooc. Variance globale	Cooc. Homogénéïté	Cooc. Somme des moyennes	Cooc. Somme des variances	Cooc. Somme des entropies	Cooc. Entropie globale	Cooc. Ecart variance	Cooc. Ecart entropie	Cooc. Corrélation IC1	Cooc. Corrélation IC2	RVB R Moy	RVB R Ect	RVB R Min	RVB R Max	RVB V Moy	RVB V Ect	RVB V Min	RVB V Max	RVB B Moy	RVB B Ect	RVB B Min	RVB B Max	TSI T Moy	TSI T Ect	TSI T Min	TSI T Max	TSI S Moy	TSI S Ect	TSI S Min	TSI S Max	TSI I Moy	TSI I Ect	TSI I Min	TSI I Max	CMJ C Moy	CMJ C Ect	CMJ C Min	CMJ C Max	CMJ M Moy	CMJ M Ect	CMJ M Min	CMJ M Max	CMJ J Moy	CMJ J Ect	CMJ J Min	CMJ J Max	Lab L Moy	Lab L Ect	Lab L Min	Lab L Max	Lab a Moy	Lab a Ect	Lab a Min	Lab a Max	Lab b Moy	Lab b Ect	Lab b Min	Lab b Max	Poids estimé (gr)
Moyenne	7,63931	7,69338	3,118305	21,02379	17,51901	17,55694	4,799074	18,15134	18,22758	11,04295	27,01695	1,909642	2,400207	0,912853	2,397849	0,01367373	1,351254	0,281556	0,9811889	57,043	338,7823	3,088282	0,9011112	129,6989	8,447155	109,5556	153,2222	0,05628353	129,6979	128,176	0,1395476	8,444005	75,46127	5,685689	212,2456	74,67188	0,4365739	261,313	293,0018	4,058235	5,363701	2,301468	1,628439	-0,4243611	0,9685267	147,0436	7,902713	126,3333	168,25	131,0514	9,230032	108,0278	156,8611	111,0018	8,951527	91,55556	137,6667	23,84788	2,781968	12,86111	33,27778	36,95197	5,762398	17,36111	50,80556	129,6989	8,447155	109,5556	153,2222	107,9564	8,12343	86,74999	128,6667	123,9486	9,305558	98,13889	146,9722	143,9982	9,046194	117,3333	163,4444	55,68053	3,477533	46,90019	65,14058	2,739188	0,7748669	0,9116422	4,510819	13,06215	1,014551	10,29795	13,11286	0,0475
Ecart type	0,5029914	0,5194834	0,2561198	1,379233	1,115142	1,085767	0,288634	2,162105	2,223315	1,538167	4,319361	0,3508938	0,1786291	0,01347181	0,179842	0,0009139496	0,06717996	0,01896953	0,007104612	8,561092	43,6053	15,19183	0,02865288	4,876597	2,040587	7,956285	8,832111	1,084456	4,874882	6,653292	0,5643339	2,039614	36,90344	3,890697	126,5189	37,77953	0,08622164	9,80518	149,7439	0,2381196	0,397793	1,453114	0,2520711	0,05917748	0,01415052	5,20799	2,31198	9,079892	9,818845	5,155051	2,239962	9,181764	9,551477	4,665863	1,84389	5,978872	7,710023	1,075021	0,4702505	3,433113	2,804868	2,806855	0,864867	4,46687	3,619542	4,876597	2,040587	7,956285	8,832111	5,207983	2,521398	9,818846	9,079892	5,155042	2,472152	9,55148	9,181765	4,665865	2,076695	7,710023	5,978872	1,976132	0,9485813	3,555772	3,526852	0,51205	0,4440872	0,9843838	1,792328	1,046695	0,5125979	2,052613	2,099531	0,005657986
Mini	6,515571	6,471502	2,5375	17,673	14,91924	15,04655	4,162587	13,60668	13,43779	7,815163	18,81086	1,302685	2,111111	0,8859201	2,111111	0,01176471	1,228985	0,2468827	0,9663499	38,60731	242,956	-23,27151	0,85	120,196	4,517769	83,	137,	-1,150191	120,1975	113,0723	-1,797233	4,508635	20,32778	1,90538	54,0478	20,08702	0,2226288	242,5532	77,49559	3,507414	4,647962	0,856561	1,253797	-0,5427576	0,9390996	136,9877	3,908263	96,	154,	121,4806	4,873185	80,	142,	100,6999	5,77742	73,	119,	21,99004	1,967731	2,	29,	31,15119	4,100418	8,	45,	120,196	4,517769	83,	137,	97,36511	4,088211	65,99999	113,	114,4059	5,105392	78,99999	133,	134,565	4,516312	97,99999	152,	51,92953	1,82585	35,41031	59,568	1,58307	0,1494836	-1,415172	1,474812	10,82048	0,2872257	6,600437	8,93784	0,03560715
Maxi	8,84	8,858404	3,654	24,249	20,01241	20,0117	5,407126	22,9593	23,25487	14,5013	36,87678	3,029632	2,96	0,9394764	2,96	0,01596176	1,508934	0,3146696	0,9947086	79,41588	435,9984	37,99302	0,97	138,4271	14,00619	121,	172,	4,831647	138,4209	141,9277	1,040192	13,99353	195,8189	19,36291	659,3143	203,8602	0,572011	279,1847	812,1295	4,557445	6,397682	6,487102	2,246877	-0,3065172	0,9927229	157,6349	14,85128	142,	189,	140,5941	15,43952	122,	176,	120,435	13,23186	103,	157,	25,74648	4,067215	18,	41,	42,79397	8,276266	25,	58,	138,4271	14,00619	121,	172,	118,0123	15,38227	101,	159,	133,5194	15,09869	113,	175,	154,3001	13,35831	136,	182,	59,38692	6,043462	52,45532	72,19159	3,76906	2,046601	2,64715	8,465862	14,9098	2,112054	15,12951	17,06538	0,0600819
% à 2,00 x écart type	94,4	94,4	91,7	94,4	91,7	91,7	94,4	94,4	94,4	94,4	94,4	94,4	94,4	100,0	94,4	91,7	94,4	100,0	97,2	94,4	91,7	97,2	97,2	100,0	97,2	97,2	94,4	97,2	100,0	94,4	97,2	97,2	94,4	94,4	97,2	94,4	97,2	100,0	94,4	94,4	97,2	91,7	97,2	97,2	97,2	97,2	97,2	97,2	97,2	100,0	97,2	94,4	94,4	94,4	97,2	97,2	91,7	100,0	94,4	97,2	94,4	94,4	97,2	97,2	100,0	100,0	97,2	97,2	94,4	97,2	97,2	97,2	97,2	100,0	97,2	94,4	94,4	94,4	94,4	91,7	97,2	100,0	97,2	97,2	100,0	94,4	91,7	94,4	94,4	97,2	97,2	97,2	100,0	94,44444
