Date	Heure début	Heure fin	ID Programme	ID Lot	Utilisateur	ID Variété	ID Sous variété	Code variété	Masse totale mesurée	Nb mesures	Nb graines	PMG	Masse Surfacique (gr/mm2)	Masse ext.	PMG ext.	Classifieur	Masse analysée	%Clas. NI (nb)	%Clas. NI (masse)	Masse Clas. NI	Nb Clas. NI	PMG Clas. NI	%Clas. C1 (nb)	%Clas. C1 (masse)	Masse Clas. C1	Nb Clas. C1	PMG Clas. C1	%Clas. C2 (nb)	%Clas. C2 (masse)	Masse Clas. C2	Nb Clas. C2	PMG Clas. C2	%Clas. C3 (nb)	%Clas. C3 (masse)	Masse Clas. C3	Nb Clas. C3	PMG Clas. C3	%Clas. C4 (nb)	%Clas. C4 (masse)	Masse Clas. C4	Nb Clas. C4	PMG Clas. C4	Dossier Mesure
22/11/2022	09:14:29	09:14:29	Blé dur - Métrologie complète + classification cassés	201_202_207	Mecarnot	Blé dur	Standard	0101	1,890	1	36	52,500	0,002697803	0,000	0,000	Graines entiers et cassés_test	1,890	0,0	0,0	0,000	0	0,000	100,0	100,0	1,890	36	52,500	0,0	0,0	0,000	0	0,000	0,0	0,0	0,000	0	0,000	0,0	0,0	0,000	0	0,000	2022-11-22_091429_0101_Mecarnot_201_202_207



Mesure	Longueur (mm)	Longueur intérieure (mm)	Largeur (mm)	Périmètre (mm)	Périmètre de Crofton (mm)	Périmètre convexe (mm)	Dimètre Eq. (mm)	Surface (mm2)	Surface convexe (mm2)	Surface DiffCAP (mm2)	Surface DiffCEN (mm2)	Surface DiffEAP (mm2)	Finesse	Excentricité	F. Feret	Compacité	Circularité	Rugosité	Index de courbure	Moment inertie 1	Moment inertie 2	Moment inertie 3	Symétrie	Moyenne ndg	Ecart type ndg	Minimum ndg	Maximum ndg	Histo. Kurtose	Histo. Moyenne	Histo. Pic	Histo. Assymétrie	Histo. Ecart type	Histo. Variance	Cooc. Contraste	Cooc. Corrélation	Cooc. Variance globale	Cooc. Homogénéïté	Cooc. Somme des moyennes	Cooc. Somme des variances	Cooc. Somme des entropies	Cooc. Entropie globale	Cooc. Ecart variance	Cooc. Ecart entropie	Cooc. Corrélation IC1	Cooc. Corrélation IC2	RVB R Moy	RVB R Ect	RVB R Min	RVB R Max	RVB V Moy	RVB V Ect	RVB V Min	RVB V Max	RVB B Moy	RVB B Ect	RVB B Min	RVB B Max	TSI T Moy	TSI T Ect	TSI T Min	TSI T Max	TSI S Moy	TSI S Ect	TSI S Min	TSI S Max	TSI I Moy	TSI I Ect	TSI I Min	TSI I Max	CMJ C Moy	CMJ C Ect	CMJ C Min	CMJ C Max	CMJ M Moy	CMJ M Ect	CMJ M Min	CMJ M Max	CMJ J Moy	CMJ J Ect	CMJ J Min	CMJ J Max	Lab L Moy	Lab L Ect	Lab L Min	Lab L Max	Lab a Moy	Lab a Ect	Lab a Min	Lab a Max	Lab b Moy	Lab b Ect	Lab b Min	Lab b Max	Poids estimé (gr)
Moyenne	8,105419	8,175838	3,149319	22,11408	18,47818	18,5133	4,968514	19,46028	19,68342	12,84073	31,43506	2,360124	2,523823	0,9229377	2,522405	0,01289149	1,40291	0,2839586	0,9795031	58,01941	387,8217	-6,196721	0,8786111	127,2864	8,054334	106,	147,8889	0,4003428	127,3035	126,7578	0,02230042	8,054795	74,75956	5,13413	285,7094	73,6666	0,4646708	256,5026	289,5323	3,95909	5,207682	2,118287	1,577565	-0,4223835	0,965712	144,3531	7,519415	122,4722	162,5	128,5225	8,755524	104,5278	151,2222	108,9873	8,770374	88,52778	133,6944	23,70881	3,143925	12,16667	46,63889	36,86245	6,041234	17,72222	50,83333	127,2864	8,054334	106,	147,8889	110,6469	7,922818	92,5	132,5278	126,4775	9,051574	103,7778	150,4722	146,0127	8,89805	121,3056	166,4722	54,68872	3,441344	45,41382	63,04457	2,778009	0,7399515	1,154271	4,478037	12,80634	1,124848	9,612323	12,70806	0,05249999
Ecart type	0,556183	0,5615129	0,2626021	1,494712	1,205636	1,184801	0,3084305	2,38852	2,468336	1,95833	5,158959	0,5390249	0,2143921	0,01213637	0,2162481	0,0008856945	0,07525141	0,02784139	0,007479548	8,733243	54,46487	17,10768	0,03309522	6,517508	3,142751	13,72346	7,294511	1,396878	6,516427	10,02101	0,6423588	3,143225	62,3523	3,612098	209,2941	62,28782	0,1040864	13,21026	246,9204	0,3641288	0,5888572	1,275585	0,2656211	0,0459175	0,01321078	6,916246	3,498013	16,5655	8,254628	7,007067	3,431432	14,58212	7,824859	6,066258	2,610351	10,48408	6,732258	1,309975	1,611552	4,974937	50,10109	3,352221	1,490534	4,646451	4,412734	6,517508	3,142751	13,72346	7,294511	6,916245	4,114272	8,254631	16,5655	7,007072	3,53124	7,824861	14,58212	6,066257	2,213004	6,732258	10,48408	2,675234	1,496862	6,088461	2,91386	0,674815	0,3147998	1,172393	1,253197	1,250161	0,6490349	2,261428	2,1196	0,006443756
Mini	6,968	7,07628	2,436	18,906	15,85994	15,84683	4,19956	13,84947	13,94448	9,056136	21,75009	1,720269	2,088895	0,891862	2,057143	0,01136364	1,256232	0,2399939	0,9661933	36,53968	271,875	-39,94999	0,81	112,3171	4,10345	58,	131,	-1,349265	112,3403	102,0781	-1,511716	4,094656	16,76621	1,630621	13,21255	15,30282	0,2584533	226,5518	59,58066	3,222883	4,085614	0,7965476	1,214427	-0,5114774	0,9382071	129,1947	3,229405	65,	146,	112,6958	4,529782	55,	134,	95,04867	4,348822	53,	116,	21,00949	1,962731	0,	29,	27,75224	2,774717	6,	40,	112,3171	4,10345	58,	131,	96,94875	4,158592	71,99999	112,	111,4069	4,598956	88,99999	129,	133,9027	4,777151	111,	150,	48,57599	1,768716	24,04232	56,508	1,64826	0,2109909	-1,796966	1,33642	9,36071	0,2428649	2,879219	7,424295	0,03736314
Maxi	9,152	9,334686	3,654	25,482	21,2955	21,10736	5,618054	24,78549	25,48219	17,23493	42,24599	4,469409	3,208333	0,9527754	3,208333	0,01492537	1,628056	0,343155	0,9932538	74,29301	511,2929	29,46089	0,93	140,9142	16,84066	126,	162,	4,764311	140,9302	156,1094	1,515451	16,84546	283,7694	16,45637	865,1659	275,2104	0,6157345	284,625	1094,885	4,680064	6,283185	5,75445	2,16106	-0,3359966	0,9912918	158,0513	18,35484	143,	183,	143,5931	18,40416	126,	166,	121,0973	15,50756	105,	144,	26,32783	10,55121	18,	252,	42,35316	10,41719	25,	60,	140,9142	16,84066	126,	162,	125,8053	25,52263	109,	190,	142,3042	23,83364	121,	200,	159,9513	17,25841	139,	202,	60,3205	9,916142	53,79416	68,94121	4,134814	1,857301	3,196462	7,97138	14,9102	3,684028	13,03685	16,10936	0,06686637
% à 2,00 x écart type	97,2	94,4	97,2	94,4	91,7	94,4	94,4	94,4	94,4	94,4	97,2	94,4	91,7	91,7	91,7	94,4	94,4	97,2	100,0	97,2	91,7	97,2	97,2	94,4	94,4	94,4	97,2	91,7	94,4	88,9	94,4	94,4	94,4	91,7	97,2	94,4	100,0	94,4	94,4	97,2	100,0	91,7	97,2	100,0	97,2	94,4	94,4	91,7	94,4	91,7	94,4	94,4	97,2	97,2	94,4	94,4	97,2	97,2	94,4	88,9	94,4	97,2	91,7	94,4	91,7	94,4	94,4	94,4	97,2	94,4	97,2	94,4	91,7	91,7	97,2	97,2	94,4	97,2	97,2	97,2	94,4	94,4	97,2	94,4	94,4	97,2	97,2	97,2	91,7	94,4	97,2	94,4	94,4	94,44444
