Date	Heure début	Heure fin	ID Programme	ID Lot	Utilisateur	ID Variété	ID Sous variété	Code variété	Masse totale mesurée	Nb mesures	Nb graines	PMG	Masse Surfacique (gr/mm2)	Masse ext.	PMG ext.	Classifieur	Masse analysée	%Clas. NI (nb)	%Clas. NI (masse)	Masse Clas. NI	Nb Clas. NI	PMG Clas. NI	%Clas. C1 (nb)	%Clas. C1 (masse)	Masse Clas. C1	Nb Clas. C1	PMG Clas. C1	%Clas. C2 (nb)	%Clas. C2 (masse)	Masse Clas. C2	Nb Clas. C2	PMG Clas. C2	%Clas. C3 (nb)	%Clas. C3 (masse)	Masse Clas. C3	Nb Clas. C3	PMG Clas. C3	%Clas. C4 (nb)	%Clas. C4 (masse)	Masse Clas. C4	Nb Clas. C4	PMG Clas. C4	Dossier Mesure
22/11/2022	13:30:29	13:30:29	Blé dur - Métrologie complète + classification cassés	444_447_451	Mecarnot	Blé dur	Standard	0101	1,890	1	36	52,500	0,002800117	0,000	0,000	Graines entiers et cassés_test	1,890	0,0	0,0	0,000	0	0,000	97,2	98,1	1,853	35	52,957	2,8	1,9	0,037	1	36,504	0,0	0,0	0,000	0	0,000	0,0	0,0	0,000	0	0,000	2022-11-22_133029_0101_Mecarnot_444_447_451



Mesure	Longueur (mm)	Longueur intérieure (mm)	Largeur (mm)	Périmètre (mm)	Périmètre de Crofton (mm)	Périmètre convexe (mm)	Dimètre Eq. (mm)	Surface (mm2)	Surface convexe (mm2)	Surface DiffCAP (mm2)	Surface DiffCEN (mm2)	Surface DiffEAP (mm2)	Finesse	Excentricité	F. Feret	Compacité	Circularité	Rugosité	Index de courbure	Moment inertie 1	Moment inertie 2	Moment inertie 3	Symétrie	Moyenne ndg	Ecart type ndg	Minimum ndg	Maximum ndg	Histo. Kurtose	Histo. Moyenne	Histo. Pic	Histo. Assymétrie	Histo. Ecart type	Histo. Variance	Cooc. Contraste	Cooc. Corrélation	Cooc. Variance globale	Cooc. Homogénéïté	Cooc. Somme des moyennes	Cooc. Somme des variances	Cooc. Somme des entropies	Cooc. Entropie globale	Cooc. Ecart variance	Cooc. Ecart entropie	Cooc. Corrélation IC1	Cooc. Corrélation IC2	RVB R Moy	RVB R Ect	RVB R Min	RVB R Max	RVB V Moy	RVB V Ect	RVB V Min	RVB V Max	RVB B Moy	RVB B Ect	RVB B Min	RVB B Max	TSI T Moy	TSI T Ect	TSI T Min	TSI T Max	TSI S Moy	TSI S Ect	TSI S Min	TSI S Max	TSI I Moy	TSI I Ect	TSI I Min	TSI I Max	CMJ C Moy	CMJ C Ect	CMJ C Min	CMJ C Max	CMJ M Moy	CMJ M Ect	CMJ M Min	CMJ M Max	CMJ J Moy	CMJ J Ect	CMJ J Min	CMJ J Max	Lab L Moy	Lab L Ect	Lab L Min	Lab L Max	Lab a Moy	Lab a Ect	Lab a Min	Lab a Max	Lab b Moy	Lab b Ect	Lab b Min	Lab b Max	Poids estimé (gr)
Moyenne	7,361605	7,435327	3,29875	20,84683	17,31954	17,34685	4,871877	18,74921	18,80112	10,02311	23,27177	1,974166	2,199084	0,8898414	2,198055	0,01421869	1,283154	0,2771362	0,9783183	65,47752	316,4083	0,9593312	0,8986112	131,1664	9,933859	106,1667	152,5278	0,01277332	131,1717	131,9139	-0,03479542	9,928926	110,392	5,516266	216,1144	109,8027	0,445004	264,7498	433,6947	4,150393	5,40191	2,151145	1,591543	-0,452117	0,9742652	148,3677	9,923096	122,6389	169,3056	133,0213	10,90257	105,0833	156,8056	112,1113	9,520184	88,80556	134,1667	24,73199	2,819056	13,66667	33,25	37,18055	4,725751	21,80556	49,58333	131,1664	9,933859	106,1667	152,5278	106,6323	9,404984	85,69444	132,3611	121,9787	10,63426	98,19444	149,9167	142,8887	8,930347	120,8333	166,1944	56,35077	4,0114	45,62489	65,1302	2,337174	0,8461843	0,7739801	4,291758	13,39542	0,9438486	10,94979	14,25037	0,0525
Ecart type	0,5812299	0,5976133	0,374084	1,612622	1,303326	1,298002	0,3749499	2,882188	2,936299	1,803328	4,82955	0,2480105	0,2558632	0,02519714	0,2569453	0,001160827	0,07987592	0,02110193	0,007359383	14,19047	51,96535	12,74656	0,02594361	8,563208	3,435763	10,73804	10,68874	1,526472	8,559145	12,42092	0,6899284	3,436336	69,49071	4,292829	257,127	68,41511	0,1089123	17,55433	272,4222	0,3856368	0,582628	1,496531	0,2783368	0,05896718	0,01608584	8,762255	3,96025	12,02579	11,83174	9,445307	3,748194	11,72693	11,35003	7,707304	2,62466	8,507576	9,31695	1,896652	0,5130921	3,986087	2,152195	2,613545	0,9326303	3,828399	3,85411	8,563208	3,435763	10,73804	10,68874	8,762257	3,834962	11,83174	12,02579	9,445303	3,70313	11,35004	11,72693	7,707297	2,588197	9,31695	8,507576	3,538217	1,479531	4,703959	4,239546	0,8781778	0,3900901	0,9502457	1,332323	1,203104	0,5812254	2,074929	1,761936	0,008070464
Mini	6,136	6,175242	2,7405	17,262	14,41546	14,41192	4,074463	13,03666	12,97332	6,955056	14,47949	1,445439	1,846154	0,8437901	1,846154	0,0125	1,168394	0,23328	0,9594826	45,80458	215,5685	-22,65769	0,85	114,3115	3,674437	70,	123,	-1,260342	114,3154	112,0273	-2,011205	3,660056	13,39601	1,227414	20,41994	13,55947	0,2524767	230,7497	52,34935	3,185465	3,891075	0,5544351	1,075518	-0,5433568	0,9375669	131,3555	2,755291	79,	142,	115,6268	3,959464	66,	126,	95,94418	4,410038	64,	110,	22,46221	1,657399	0,	29,	29,72399	2,878932	11,	42,	114,3115	3,674437	70,	123,	85,8531	3,380852	61,	114,	99,27148	3,87561	72,99999	134,	125,5275	4,685272	99,99999	154,	49,61978	1,594908	29,23227	53,81232	0,6022822	0,1941509	-2,339931	1,909637	10,59444	0,183411	3,285709	10,95466	0,03650418
Maxi	8,32	8,444357	4,06	23,6325	19,31381	19,32318	5,566374	24,33158	24,48992	13,86798	33,98768	2,495894	2,821429	0,9388503	2,821429	0,01694915	1,490624	0,3232844	0,9926166	96,19732	422,1727	28,7175	0,94	151,445	16,76445	121,	176,	6,921259	151,4447	169,9961	2,145861	16,76756	281,1511	19,37069	1045,293	276,3782	0,6659336	306,3278	1098,525	4,750594	6,311735	6,878121	2,253244	-0,3111495	0,9926329	169,1469	17,63783	141,	194,	155,7285	18,14161	121,	182,	129,4725	14,8806	101,	155,	28,6366	4,092124	20,	38,	41,77836	6,511489	28,	61,	151,445	16,76445	121,	176,	123,6445	21,71709	113,	176,	139,3732	21,81033	129,	189,	159,0558	17,01722	145,	191,	64,7515	8,79413	52,10559	74,37603	3,568607	1,787134	2,54978	7,257921	15,9467	2,514642	13,62577	17,52466	0,06813128
% à 2,00 x écart type	97,2	97,2	94,4	97,2	97,2	97,2	97,2	100,0	100,0	97,2	94,4	91,7	94,4	100,0	94,4	97,2	94,4	94,4	97,2	97,2	97,2	97,2	100,0	97,2	100,0	97,2	94,4	94,4	97,2	97,2	94,4	100,0	91,7	91,7	91,7	91,7	97,2	97,2	91,7	94,4	97,2	94,4	94,4	94,4	94,4	97,2	100,0	97,2	91,7	97,2	100,0	97,2	94,4	94,4	97,2	94,4	94,4	97,2	91,7	94,4	97,2	94,4	100,0	94,4	97,2	97,2	100,0	97,2	94,4	97,2	97,2	91,7	97,2	97,2	97,2	94,4	97,2	94,4	97,2	94,4	94,4	97,2	97,2	97,2	94,4	100,0	97,2	97,2	97,2	94,4	94,4	94,4	100,0	100,
