Date	Heure début	Heure fin	ID Programme	ID Lot	Utilisateur	ID Variété	ID Sous variété	Code variété	Masse totale mesurée	Nb mesures	Nb graines	PMG	Masse Surfacique (gr/mm2)	Masse ext.	PMG ext.	Classifieur	Masse analysée	%Clas. NI (nb)	%Clas. NI (masse)	Masse Clas. NI	Nb Clas. NI	PMG Clas. NI	%Clas. C1 (nb)	%Clas. C1 (masse)	Masse Clas. C1	Nb Clas. C1	PMG Clas. C1	%Clas. C2 (nb)	%Clas. C2 (masse)	Masse Clas. C2	Nb Clas. C2	PMG Clas. C2	%Clas. C3 (nb)	%Clas. C3 (masse)	Masse Clas. C3	Nb Clas. C3	PMG Clas. C3	%Clas. C4 (nb)	%Clas. C4 (masse)	Masse Clas. C4	Nb Clas. C4	PMG Clas. C4	Dossier Mesure
22/11/2022	12:54:03	12:54:03	Blé dur - Métrologie complète + classification cassés	388_394_395	Mecarnot	Blé dur	Standard	0101	1,680	1	36	46,667	0,00251702	0,000	0,000	Graines entiers et cassés_test	1,680	0,0	0,0	0,000	0	0,000	100,0	100,0	1,680	36	46,667	0,0	0,0	0,000	0	0,000	0,0	0,0	0,000	0	0,000	0,0	0,0	0,000	0	0,000	2022-11-22_125403_0101_Mecarnot_388_394_395



Mesure	Longueur (mm)	Longueur intérieure (mm)	Largeur (mm)	Périmètre (mm)	Périmètre de Crofton (mm)	Périmètre convexe (mm)	Dimètre Eq. (mm)	Surface (mm2)	Surface convexe (mm2)	Surface DiffCAP (mm2)	Surface DiffCEN (mm2)	Surface DiffEAP (mm2)	Finesse	Excentricité	F. Feret	Compacité	Circularité	Rugosité	Index de courbure	Moment inertie 1	Moment inertie 2	Moment inertie 3	Symétrie	Moyenne ndg	Ecart type ndg	Minimum ndg	Maximum ndg	Histo. Kurtose	Histo. Moyenne	Histo. Pic	Histo. Assymétrie	Histo. Ecart type	Histo. Variance	Cooc. Contraste	Cooc. Corrélation	Cooc. Variance globale	Cooc. Homogénéïté	Cooc. Somme des moyennes	Cooc. Somme des variances	Cooc. Somme des entropies	Cooc. Entropie globale	Cooc. Ecart variance	Cooc. Ecart entropie	Cooc. Corrélation IC1	Cooc. Corrélation IC2	RVB R Moy	RVB R Ect	RVB R Min	RVB R Max	RVB V Moy	RVB V Ect	RVB V Min	RVB V Max	RVB B Moy	RVB B Ect	RVB B Min	RVB B Max	TSI T Moy	TSI T Ect	TSI T Min	TSI T Max	TSI S Moy	TSI S Ect	TSI S Min	TSI S Max	TSI I Moy	TSI I Ect	TSI I Min	TSI I Max	CMJ C Moy	CMJ C Ect	CMJ C Min	CMJ C Max	CMJ M Moy	CMJ M Ect	CMJ M Min	CMJ M Max	CMJ J Moy	CMJ J Ect	CMJ J Min	CMJ J Max	Lab L Moy	Lab L Ect	Lab L Min	Lab L Max	Lab a Moy	Lab a Ect	Lab a Min	Lab a Max	Lab b Moy	Lab b Ect	Lab b Min	Lab b Max	Poids estimé (gr)
Moyenne	7,751371	7,810723	3,143681	21,36629	17,75179	17,76415	4,850828	18,54044	18,59557	11,18431	27,96264	2,010968	2,426054	0,9090675	2,424918	0,0134838	1,359719	0,2822326	0,9805276	58,96469	343,6248	1,523189	0,8994445	124,1033	9,565923	100,4722	149,25	0,532077	124,1656	125,5729	0,0523961	9,566646	97,37497	7,591806	151,463	96,15535	0,3931612	250,1165	377,0296	4,137127	5,50387	2,689566	1,710881	-0,4216356	0,9703155	140,1175	9,553324	115,2222	163,75	124,7828	10,47386	98,25	152,25	107,4097	9,570019	85,97222	134,6667	22,60254	4,065298	10,41667	47,13889	34,57735	6,545972	14,47222	49,72222	124,1033	9,565923	100,4722	149,25	114,8825	9,982403	91,25	139,7778	130,2172	11,09908	102,75	156,75	147,5903	9,935128	120,3333	169,0278	53,17504	4,220934	42,87862	63,43499	2,956572	0,7611316	1,200566	4,785948	11,61214	1,034788	8,75712	11,50089	0,04666667
Ecart type	0,5532502	0,5609373	0,3021282	1,344491	1,081724	1,070624	0,2817546	2,130639	2,145383	1,960727	5,591293	0,3972188	0,2653553	0,0224966	0,2659579	0,0009400715	0,09362295	0,02535627	0,006302913	11,26025	50,30195	11,52793	0,02666088	14,98144	2,419918	12,87868	11,67708	1,907543	14,98142	19,30204	0,831682	2,41956	46,7645	5,5956	129,9668	46,06814	0,1153453	30,2501	181,0696	0,2929091	0,5346689	1,656755	0,2983068	0,05393047	0,01404935	15,78944	2,442477	14,91292	12,60594	15,88784	2,609899	13,51825	12,81573	13,49079	2,684694	11,38587	10,52246	2,022183	3,376722	4,238547	49,51832	3,842623	1,368029	4,687372	4,856903	14,98144	2,419918	12,87868	11,67708	15,78943	3,059762	12,60594	14,91292	15,88784	2,945956	12,81574	13,51825	13,49079	2,908093	10,52246	11,38588	6,170217	1,145456	5,539673	4,719534	0,783052	0,4796419	1,776657	1,59507	1,731209	0,6001922	2,37096	2,529766	0,005362861
Mini	6,649126	6,639765	2,639	18,084	15,08064	15,13548	4,146409	13,50112	13,52224	7,854876	20,49371	1,483993	1,921053	0,8566536	1,918919	0,01162791	1,184456	0,2197687	0,9578402	43,44684	244,7069	-22,29724	0,83	95,85989	3,37344	76,	119,	-0,9901619	95,91827	84,0625	-1,519321	3,375092	11,39125	1,35687	29,01142	10,7518	0,2048601	192,9747	41,65031	3,2216	4,030926	0,6897179	1,127209	-0,4987394	0,9294319	109,5009	3,582562	85,	130,	95,19048	3,845124	72,	119,	82,89469	3,72309	66,	109,	18,90485	2,408894	0,	27,	25,41063	3,656485	2,	37,	95,85989	3,37344	76,	119,	86,04714	4,630966	61,	114,	100,0827	5,132019	76,99999	126,	125,8503	5,091265	98,99999	141,	41,41372	1,933915	31,76904	50,73818	0,9225656	0,0638653	-2,236764	1,936924	8,517815	0,2550837	2,210821	7,819652	0,03398259
Maxi	8,944	9,056031	3,857	23,838	19,90808	19,82117	5,314347	22,17816	22,13593	16,09652	42,30277	3,639473	2,866667	0,9427859	2,866667	0,01564115	1,583285	0,3339182	0,9919224	87,94574	462,4724	28,64658	0,94	151,0281	14,82268	128,	172,	9,683175	151,0913	160,9375	2,512121	14,81937	219,6138	19,71109	771,1339	214,5689	0,6430414	305,2172	838,7846	4,640046	6,479762	7,159557	2,256379	-0,2988891	0,9854278	168,9529	13,94897	141,	194,	154,9173	16,09405	129,	178,	129,1497	16,2045	114,	156,	27,9727	22,35292	17,	252,	40,37552	8,953333	22,	59,	151,0281	14,82268	128,	172,	145,4991	17,99743	125,	170,	159,8095	17,93651	136,	183,	172,1053	16,70177	146,	189,	64,51073	6,96513	54,63512	73,14497	4,143127	2,009745	5,085083	9,062892	15,39358	2,859686	14,01491	18,45327	0,05582288
% à 2,00 x écart type	94,4	91,7	91,7	97,2	97,2	97,2	97,2	97,2	97,2	97,2	91,7	94,4	100,0	88,9	100,0	97,2	97,2	94,4	97,2	91,7	94,4	91,7	97,2	100,0	91,7	97,2	94,4	97,2	100,0	97,2	97,2	91,7	94,4	94,4	97,2	94,4	97,2	100,0	94,4	94,4	94,4	97,2	100,0	94,4	91,7	100,0	94,4	97,2	94,4	100,0	94,4	97,2	91,7	100,0	94,4	97,2	91,7	94,4	97,2	94,4	94,4	97,2	97,2	94,4	94,4	100,0	91,7	97,2	94,4	100,0	94,4	94,4	97,2	100,0	94,4	91,7	97,2	100,0	94,4	91,7	97,2	100,0	97,2	94,4	91,7	94,4	91,7	97,2	94,4	97,2	97,2	91,7	94,4	97,22222
