Date	Heure début	Heure fin	ID Programme	ID Lot	Utilisateur	ID Variété	ID Sous variété	Code variété	Masse totale mesurée	Nb mesures	Nb graines	PMG	Masse Surfacique (gr/mm2)	Masse ext.	PMG ext.	Classifieur	Masse analysée	%Clas. NI (nb)	%Clas. NI (masse)	Masse Clas. NI	Nb Clas. NI	PMG Clas. NI	%Clas. C1 (nb)	%Clas. C1 (masse)	Masse Clas. C1	Nb Clas. C1	PMG Clas. C1	%Clas. C2 (nb)	%Clas. C2 (masse)	Masse Clas. C2	Nb Clas. C2	PMG Clas. C2	%Clas. C3 (nb)	%Clas. C3 (masse)	Masse Clas. C3	Nb Clas. C3	PMG Clas. C3	%Clas. C4 (nb)	%Clas. C4 (masse)	Masse Clas. C4	Nb Clas. C4	PMG Clas. C4	Dossier Mesure
22/11/2022	13:43:30	13:43:30	Blé dur - Métrologie complète + classification cassés	462_464_465	Mecarnot	Blé dur	Standard	0101	1,520	1	36	42,222	0,002494308	0,000	0,000	Graines entiers et cassés_test	1,520	0,0	0,0	0,000	0	0,000	97,2	98,2	1,493	35	42,664	2,8	1,8	0,027	1	26,751	0,0	0,0	0,000	0	0,000	0,0	0,0	0,000	0	0,000	2022-11-22_134330_0101_Mecarnot_462_464_465



Mesure	Longueur (mm)	Longueur intérieure (mm)	Largeur (mm)	Périmètre (mm)	Périmètre de Crofton (mm)	Périmètre convexe (mm)	Dimètre Eq. (mm)	Surface (mm2)	Surface convexe (mm2)	Surface DiffCAP (mm2)	Surface DiffCEN (mm2)	Surface DiffEAP (mm2)	Finesse	Excentricité	F. Feret	Compacité	Circularité	Rugosité	Index de courbure	Moment inertie 1	Moment inertie 2	Moment inertie 3	Symétrie	Moyenne ndg	Ecart type ndg	Minimum ndg	Maximum ndg	Histo. Kurtose	Histo. Moyenne	Histo. Pic	Histo. Assymétrie	Histo. Ecart type	Histo. Variance	Cooc. Contraste	Cooc. Corrélation	Cooc. Variance globale	Cooc. Homogénéïté	Cooc. Somme des moyennes	Cooc. Somme des variances	Cooc. Somme des entropies	Cooc. Entropie globale	Cooc. Ecart variance	Cooc. Ecart entropie	Cooc. Corrélation IC1	Cooc. Corrélation IC2	RVB R Moy	RVB R Ect	RVB R Min	RVB R Max	RVB V Moy	RVB V Ect	RVB V Min	RVB V Max	RVB B Moy	RVB B Ect	RVB B Min	RVB B Max	TSI T Moy	TSI T Ect	TSI T Min	TSI T Max	TSI S Moy	TSI S Ect	TSI S Min	TSI S Max	TSI I Moy	TSI I Ect	TSI I Min	TSI I Max	CMJ C Moy	CMJ C Ect	CMJ C Min	CMJ C Max	CMJ M Moy	CMJ M Ect	CMJ M Min	CMJ M Max	CMJ J Moy	CMJ J Ect	CMJ J Min	CMJ J Max	Lab L Moy	Lab L Ect	Lab L Min	Lab L Max	Lab a Moy	Lab a Ect	Lab a Min	Lab a Max	Lab b Moy	Lab b Ect	Lab b Min	Lab b Max	Poids estimé (gr)
Moyenne	7,415861	7,46625	3,007401	20,37875	16,98039	17,00054	4,632718	16,92743	16,99721	10,39394	25,57429	1,893501	2,416818	0,9129022	2,413757	0,01408072	1,36407	0,2963194	0,9813558	54,03036	315,8051	-1,228288	0,9019444	129,4498	7,249119	113,5556	151,8611	0,4249243	129,4485	127,3544	0,4120401	7,249631	56,71983	5,235798	345,9267	55,55557	0,4479839	260,7924	216,9864	3,881482	5,153447	2,200091	1,6058	-0,4035077	0,9594527	146,3113	6,574957	130,6944	165,4444	130,7095	7,894507	112,4167	155,4444	111,3394	8,209471	94,69444	137,4722	23,78439	2,856725	13,55556	35,27778	35,94099	5,920876	17,61111	49,58333	129,4498	7,249119	113,5556	151,8611	108,6887	6,798933	89,55556	124,3056	124,2905	8,497024	99,55556	142,5833	143,6606	8,94735	117,5278	160,3056	55,52391	3,119465	48,63103	64,51965	2,692815	0,7016042	0,5767071	4,249283	12,64714	0,9485512	10,26079	12,96683	0,04222223
Ecart type	0,4685768	0,4744323	0,2430991	1,244835	1,072735	1,053851	0,3062257	2,18677	2,193939	1,471613	3,913416	0,2328377	0,1844565	0,01657651	0,1874601	0,0008999216	0,07832914	0,02891319	0,006649843	8,700691	41,63856	20,61438	0,02132024	6,245374	2,039934	5,77564	8,524973	1,513793	6,245351	8,161553	0,5279765	2,040263	31,34617	2,373471	269,7994	31,61907	0,09544647	12,55893	124,959	0,3058022	0,5080419	0,9205418	0,224113	0,04684008	0,01376449	6,386929	2,294979	7,434228	8,62633	6,307299	2,164684	6,024833	9,016788	6,6585	1,885955	5,125207	8,817554	1,156214	0,6232446	2,948111	3,579348	4,456556	0,9931517	4,768402	4,838359	6,245374	2,039934	5,77564	8,524973	6,386924	2,158653	8,626331	7,434228	6,3073	1,986441	9,016791	6,024833	6,658501	2,172307	8,817554	5,125207	2,437862	0,7322044	2,457789	3,277787	0,5463309	0,2343692	1,413713	1,105616	1,492213	0,5942505	2,153841	1,915911	0,00545448
Mini	6,382023	6,373618	2,345732	17,0565	14,16357	14,18126	3,69559	10,7249	10,68267	7,708987	18,66136	1,421906	2,028571	0,8670117	2,028571	0,0125	1,225126	0,2481309	0,9633139	41,33	221,7008	-49,7204	0,86	114,7032	3,296736	103,	137,	-1,15839	114,704	109,9355	-1,070201	3,294133	10,85131	1,008734	72,28562	10,15106	0,2649858	231,0861	39,26876	3,146002	3,822801	0,556492	1,018317	-0,5190481	0,929592	130,7665	3,267114	117,	150,	115,6995	3,877423	101,	140,	97,63801	4,277596	85,	122,	21,76163	1,872857	6,	31,	26,03337	4,37558	8,	36,	114,7032	3,296736	103,	137,	92,69453	3,290169	66,99999	111,	108,633	5,007675	78,99999	132,	127,7629	4,98526	94,99999	149,	49,62117	1,801941	43,98446	58,66787	1,497705	0,2135962	-2,621508	1,322965	9,376185	0,0799586	6,345757	9,023521	0,02675121
Maxi	8,32	8,305085	3,5525	22,605	18,71548	18,72905	5,107985	20,4892	20,64754	13,08556	33,70971	2,518205	2,884615	0,9401557	2,884615	0,01629577	1,535701	0,352144	0,9960948	76,41861	381,3013	43,9071	0,94	145,2918	12,51177	124,	170,	6,056331	145,294	148,9316	1,563119	12,51528	156,6323	11,48755	1419,508	157,5748	0,6961057	292,4812	623,9903	4,480735	5,894213	4,85549	1,991115	-0,335257	0,9882722	162,3055	13,46319	144,	188,	146,367	13,23647	123,	176,	127,2371	11,47054	106,	160,	26,22087	4,821187	18,	46,	43,84652	8,078285	24,	57,	145,2918	12,51177	124,	170,	124,2335	13,1942	105,	138,	139,3005	12,05685	115,	154,	157,362	13,499	133,	170,	61,58774	4,353188	53,00911	71,83767	3,567811	1,209495	4,360323	7,122063	15,43901	2,15589	14,21863	16,58289	0,05110639
% à 2,00 x écart type	97,2	97,2	94,4	97,2	97,2	97,2	97,2	97,2	97,2	100,0	97,2	91,7	91,7	94,4	91,7	97,2	94,4	100,0	94,4	97,2	97,2	94,4	100,0	94,4	97,2	100,0	94,4	94,4	94,4	91,7	94,4	97,2	97,2	97,2	94,4	97,2	94,4	94,4	97,2	94,4	94,4	97,2	94,4	94,4	94,4	91,7	94,4	100,0	94,4	94,4	97,2	100,0	94,4	94,4	97,2	97,2	97,2	97,2	94,4	94,4	94,4	97,2	97,2	91,7	97,2	94,4	97,2	100,0	94,4	91,7	97,2	94,4	100,0	94,4	100,0	94,4	100,0	94,4	94,4	97,2	97,2	94,4	100,0	100,0	94,4	91,7	91,7	91,7	94,4	97,2	94,4	100,0	94,4	97,22222
