Date	Heure début	Heure fin	ID Programme	ID Lot	Utilisateur	ID Variété	ID Sous variété	Code variété	Masse totale mesurée	Nb mesures	Nb graines	PMG	Masse Surfacique (gr/mm2)	Masse ext.	PMG ext.	Classifieur	Masse analysée	%Clas. NI (nb)	%Clas. NI (masse)	Masse Clas. NI	Nb Clas. NI	PMG Clas. NI	%Clas. C1 (nb)	%Clas. C1 (masse)	Masse Clas. C1	Nb Clas. C1	PMG Clas. C1	%Clas. C2 (nb)	%Clas. C2 (masse)	Masse Clas. C2	Nb Clas. C2	PMG Clas. C2	%Clas. C3 (nb)	%Clas. C3 (masse)	Masse Clas. C3	Nb Clas. C3	PMG Clas. C3	%Clas. C4 (nb)	%Clas. C4 (masse)	Masse Clas. C4	Nb Clas. C4	PMG Clas. C4	Dossier Mesure
22/11/2022	09:07:02	09:07:02	Blé dur - Métrologie complète + classification cassés	197_198_199	Mecarnot	Blé dur	Standard	0101	1,940	1	36	53,889	0,002803902	0,000	0,000	Graines entiers et cassés_test	1,940	0,0	0,0	0,000	0	0,000	100,0	100,0	1,940	36	53,889	0,0	0,0	0,000	0	0,000	0,0	0,0	0,000	0	0,000	0,0	0,0	0,000	0	0,000	2022-11-22_090702_0101_Mecarnot_197_198_199



Mesure	Longueur (mm)	Longueur intérieure (mm)	Largeur (mm)	Périmètre (mm)	Périmètre de Crofton (mm)	Périmètre convexe (mm)	Dimètre Eq. (mm)	Surface (mm2)	Surface convexe (mm2)	Surface DiffCAP (mm2)	Surface DiffCEN (mm2)	Surface DiffEAP (mm2)	Finesse	Excentricité	F. Feret	Compacité	Circularité	Rugosité	Index de courbure	Moment inertie 1	Moment inertie 2	Moment inertie 3	Symétrie	Moyenne ndg	Ecart type ndg	Minimum ndg	Maximum ndg	Histo. Kurtose	Histo. Moyenne	Histo. Pic	Histo. Assymétrie	Histo. Ecart type	Histo. Variance	Cooc. Contraste	Cooc. Corrélation	Cooc. Variance globale	Cooc. Homogénéïté	Cooc. Somme des moyennes	Cooc. Somme des variances	Cooc. Somme des entropies	Cooc. Entropie globale	Cooc. Ecart variance	Cooc. Ecart entropie	Cooc. Corrélation IC1	Cooc. Corrélation IC2	RVB R Moy	RVB R Ect	RVB R Min	RVB R Max	RVB V Moy	RVB V Ect	RVB V Min	RVB V Max	RVB B Moy	RVB B Ect	RVB B Min	RVB B Max	TSI T Moy	TSI T Ect	TSI T Min	TSI T Max	TSI S Moy	TSI S Ect	TSI S Min	TSI S Max	TSI I Moy	TSI I Ect	TSI I Min	TSI I Max	CMJ C Moy	CMJ C Ect	CMJ C Min	CMJ C Max	CMJ M Moy	CMJ M Ect	CMJ M Min	CMJ M Max	CMJ J Moy	CMJ J Ect	CMJ J Min	CMJ J Max	Lab L Moy	Lab L Ect	Lab L Min	Lab L Max	Lab a Moy	Lab a Ect	Lab a Min	Lab a Max	Lab b Moy	Lab b Ect	Lab b Min	Lab b Max	Poids estimé (gr)
Moyenne	7,701199	7,809115	3,268802	21,42338	17,87724	17,89549	4,938145	19,21925	19,27496	11,11783	26,73429	1,990526	2,311474	0,9041267	2,307916	0,01356548	1,329606	0,283158	0,9742572	63,66259	343,7522	-3,596288	0,9038887	121,5329	8,131357	101,6667	145,	0,6327375	121,5955	120,6042	0,1487844	8,132854	72,45084	5,020632	218,2564	72,01052	0,4608528	245,2198	283,0215	3,994194	5,238848	2,132045	1,580462	-0,4299243	0,9683497	138,9256	7,79659	118,75	160,4444	122,684	8,953871	99,58334	148,7222	102,9927	8,372307	84,36111	129,1389	23,35114	2,782533	12,66667	33,91667	39,04574	5,769266	19,80556	52,61111	121,5329	8,131357	101,6667	145,	116,0744	8,469555	94,55555	136,25	132,316	9,867455	106,2778	155,4167	152,0072	9,244129	125,8611	170,6389	52,4254	3,706074	43,59819	62,06995	2,984735	0,9001916	1,024331	5,180591	13,05723	0,9465354	10,40029	12,97945	0,05388889
Ecart type	0,5097125	0,5073728	0,2799693	1,306336	1,077744	1,081501	0,2984179	2,327841	2,345798	1,701006	4,452123	0,2417617	0,2014388	0,01923629	0,2034684	0,0009261073	0,06672076	0,02198997	0,008089348	10,67191	47,54463	21,26928	0,01933302	9,483982	2,511656	9,507306	10,94176	1,477895	9,484056	9,990013	0,7240361	2,511487	47,23428	2,974212	160,6813	47,70487	0,09301805	19,2273	189,5327	0,28931	0,4678458	1,085793	0,2322915	0,04978697	0,0136674	10,08986	2,867661	11,3367	12,24619	10,57048	2,735118	10,30743	12,01298	8,100347	2,238158	7,513517	9,772844	2,280115	0,5302759	3,72678	3,729574	3,509014	1,098236	5,665781	3,343965	9,483982	2,511656	9,507306	10,94176	10,08986	2,7696	12,24619	11,3367	10,57048	2,724383	12,01299	10,30743	8,100347	2,43288	9,772845	7,513517	4,037939	1,055404	4,210187	4,476975	0,9411944	0,340015	1,262313	1,123254	1,672868	0,5479417	2,262726	2,594134	0,006527038
Mini	6,45379	6,740647	2,639	17,8785	15,28526	15,30463	4,20276	13,87058	13,80725	8,370287	18,65063	1,569832	1,95	0,8593257	1,95	0,01190476	1,204286	0,2404461	0,9459359	45,69504	248,2931	-62,65441	0,85	98,53985	3,967918	79,	123,	-0,9689143	98,59982	94,9375	-1,653596	3,973343	15,78745	1,393053	36,47691	14,65775	0,2616429	198,449	57,23796	3,328359	4,189675	0,6735026	1,122744	-0,5177016	0,935357	113,106	3,677891	94,	136,	97,91428	4,526627	76,	124,	84,59549	4,121216	65,	108,	19,64313	1,793599	2,	26,	33,59758	3,824113	8,	46,	98,53985	3,967918	79,	123,	94,97655	4,188238	66,99999	117,	110,1318	5,63209	73,99999	137,	136,8407	5,415899	95,99999	156,	42,5918	2,125945	33,94836	52,84129	1,294133	0,1763037	-1,274476	3,092434	9,824743	0,1806545	5,267485	7,859637	0,03889174
Maxi	8,736	8,900472	4,06	24,4545	20,49256	20,44423	5,691744	25,43996	25,42941	14,24409	33,43235	2,813798	2,714286	0,9326007	2,714286	0,01611456	1,465406	0,3337611	0,9906316	98,99834	450,7002	53,96727	0,94	141,0121	15,73744	119,	175,	4,649052	141,0746	144,0625	1,476369	15,74084	247,774	14,09034	767,5082	243,7173	0,6280038	285,3624	969,5541	4,541798	6,038773	5,290887	2,08108	-0,3296797	0,9894894	160,0234	17,20612	138,	188,	144,8682	17,68587	118,	181,	118,1593	14,02031	99,	159,	27,3557	4,116649	18,	47,	46,13953	8,965872	32,	60,	141,0121	15,73744	119,	175,	141,894	16,67448	119,	161,	157,0857	17,62274	131,	179,	170,4045	16,70507	147,	190,	60,78017	6,779466	50,99117	73,70249	4,726759	1,634921	3,593266	7,722745	16,29915	1,977478	14,2675	19,5385	0,07133115
% à 2,00 x écart type	94,4	94,4	94,4	94,4	94,4	94,4	91,7	91,7	91,7	100,0	100,0	94,4	100,0	97,2	100,0	97,2	97,2	91,7	94,4	97,2	94,4	91,7	97,2	94,4	97,2	97,2	94,4	94,4	94,4	94,4	91,7	97,2	97,2	94,4	94,4	94,4	97,2	94,4	94,4	94,4	94,4	94,4	94,4	97,2	97,2	94,4	94,4	94,4	97,2	94,4	97,2	97,2	94,4	97,2	94,4	97,2	91,7	100,0	94,4	94,4	94,4	97,2	94,4	91,7	97,2	94,4	97,2	97,2	94,4	94,4	91,7	97,2	94,4	94,4	94,4	94,4	97,2	97,2	97,2	91,7	97,2	94,4	94,4	94,4	94,4	100,0	94,4	97,2	97,2	100,0	100,0	94,4	94,4	91,66666
