Date	Heure début	Heure fin	ID Programme	ID Lot	Utilisateur	ID Variété	ID Sous variété	Code variété	Masse totale mesurée	Nb mesures	Nb graines	PMG	Masse Surfacique (gr/mm2)	Masse ext.	PMG ext.	Classifieur	Masse analysée	%Clas. NI (nb)	%Clas. NI (masse)	Masse Clas. NI	Nb Clas. NI	PMG Clas. NI	%Clas. C1 (nb)	%Clas. C1 (masse)	Masse Clas. C1	Nb Clas. C1	PMG Clas. C1	%Clas. C2 (nb)	%Clas. C2 (masse)	Masse Clas. C2	Nb Clas. C2	PMG Clas. C2	%Clas. C3 (nb)	%Clas. C3 (masse)	Masse Clas. C3	Nb Clas. C3	PMG Clas. C3	%Clas. C4 (nb)	%Clas. C4 (masse)	Masse Clas. C4	Nb Clas. C4	PMG Clas. C4	Dossier Mesure
22/11/2022	13:55:55	13:55:55	Blé dur - Métrologie complète + classification cassés	476_480_482	Mecarnot	Blé dur	Standard	0101	1,600	1	36	44,444	0,002649222	0,000	0,000	Graines entiers et cassés_test	1,600	0,0	0,0	0,000	0	0,000	97,2	98,3	1,572	35	44,918	2,8	1,7	0,028	1	27,881	0,0	0,0	0,000	0	0,000	0,0	0,0	0,000	0	0,000	2022-11-22_135555_0101_Mecarnot_476_480_482



Mesure	Longueur (mm)	Longueur intérieure (mm)	Largeur (mm)	Périmètre (mm)	Périmètre de Crofton (mm)	Périmètre convexe (mm)	Dimètre Eq. (mm)	Surface (mm2)	Surface convexe (mm2)	Surface DiffCAP (mm2)	Surface DiffCEN (mm2)	Surface DiffEAP (mm2)	Finesse	Excentricité	F. Feret	Compacité	Circularité	Rugosité	Index de courbure	Moment inertie 1	Moment inertie 2	Moment inertie 3	Symétrie	Moyenne ndg	Ecart type ndg	Minimum ndg	Maximum ndg	Histo. Kurtose	Histo. Moyenne	Histo. Pic	Histo. Assymétrie	Histo. Ecart type	Histo. Variance	Cooc. Contraste	Cooc. Corrélation	Cooc. Variance globale	Cooc. Homogénéïté	Cooc. Somme des moyennes	Cooc. Somme des variances	Cooc. Somme des entropies	Cooc. Entropie globale	Cooc. Ecart variance	Cooc. Ecart entropie	Cooc. Corrélation IC1	Cooc. Corrélation IC2	RVB R Moy	RVB R Ect	RVB R Min	RVB R Max	RVB V Moy	RVB V Ect	RVB V Min	RVB V Max	RVB B Moy	RVB B Ect	RVB B Min	RVB B Max	TSI T Moy	TSI T Ect	TSI T Min	TSI T Max	TSI S Moy	TSI S Ect	TSI S Min	TSI S Max	TSI I Moy	TSI I Ect	TSI I Min	TSI I Max	CMJ C Moy	CMJ C Ect	CMJ C Min	CMJ C Max	CMJ M Moy	CMJ M Ect	CMJ M Min	CMJ M Max	CMJ J Moy	CMJ J Ect	CMJ J Min	CMJ J Max	Lab L Moy	Lab L Ect	Lab L Min	Lab L Max	Lab a Moy	Lab a Ect	Lab a Min	Lab a Max	Lab b Moy	Lab b Ect	Lab b Min	Lab b Max	Poids estimé (gr)
Moyenne	7,408372	7,457263	2,991377	20,33308	16,93076	16,94982	4,613417	16,77642	16,83887	10,25723	25,64437	2,032213	2,430907	0,9141821	2,428798	0,01407973	1,368053	0,2917707	0,9815061	52,92298	315,0297	-3,44	0,9002777	129,4921	9,046517	105,9722	150,6111	0,1481057	129,5012	130,612	-0,119215	9,045056	88,55699	6,148446	202,27	87,48141	0,4147823	261,2234	343,7772	4,079024	5,392109	2,344289	1,66028	-0,4248377	0,968992	145,6196	8,937078	121,4444	165,8333	130,8137	9,884775	104,1944	154,6389	112,0368	9,118057	89,77778	134,2222	23,93733	3,25249	12,83333	41,83333	34,54552	5,741295	17,77778	48,38889	129,4921	9,046517	105,9722	150,6111	109,3804	8,967031	89,16666	133,5556	124,1863	10,04989	100,3611	150,8056	142,9632	8,625031	120,7778	165,2222	55,48631	3,79096	45,24059	64,24966	2,471433	0,8338138	0,6162314	4,502415	12,20166	1,049716	9,660861	13,13162	0,04444444
Ecart type	0,3995951	0,397037	0,2537231	1,127595	0,9033365	0,9045528	0,2827346	1,975293	1,994896	1,214254	3,360114	0,9827049	0,2019366	0,01569047	0,2018042	0,0007742246	0,07418905	0,02463753	0,007788499	8,941941	35,11375	18,41268	0,02140692	9,731484	2,595994	14,61826	10,6934	1,412381	9,731209	12,43275	0,6928111	2,59692	49,54579	3,903632	165,8732	49,4343	0,09399481	19,64919	196,1494	0,2762157	0,4190016	1,195188	0,2290421	0,05511552	0,01501942	9,749532	3,067898	16,59392	11,47582	10,80352	2,811213	15,58814	12,16587	8,979619	2,296404	11,91897	9,874521	2,423694	0,8923345	4,272002	34,99166	3,695539	1,376361	4,164073	4,923175	9,731484	2,595994	14,61826	10,6934	9,74953	3,693161	11,47582	16,59392	10,80352	3,252799	12,16588	15,58814	8,979623	2,450702	9,874522	11,91897	4,043685	1,403223	6,41205	4,420921	1,004435	0,3493886	1,507737	1,577992	1,513502	0,5821381	2,692267	2,547968	0,005232991
Mini	6,288108	6,277877	2,3345	16,851	14,08287	13,95803	3,660871	10,52433	10,59822	7,588315	18,2567	1,498887	2,03125	0,8752824	2,03125	0,0125	1,224169	0,2485152	0,9606953	31,4519	218,1532	-64,60092	0,85	111,223	4,62706	60,	123,	-1,390402	111,2334	109,1641	-2,212377	4,622917	21,37136	2,158124	19,01767	20,00511	0,195259	224,6452	77,32655	3,449067	4,535892	0,9860955	1,318112	-0,530823	0,93646	126,735	3,569252	71,	141,	110,578	5,088549	55,	124,	94,85493	5,115998	53,	110,	19,73671	2,433307	0,	27,	23,29476	3,7206	6,	36,	111,223	4,62706	60,	123,	90,76633	5,004112	62,	115,	102,7949	5,924749	73,99999	130,	125,3462	3,697876	98,99999	150,	47,77667	2,168523	24,73061	53,17184	0,2339174	0,1451772	-2,018238	1,415312	8,64923	0,2747017	2,630778	6,644561	0,02788128
Maxi	8,32	8,30918	3,451	22,8105	18,93394	18,87343	5,208318	21,30201	21,35479	13,46926	33,37826	7,52006	3,041667	0,9450916	3,041667	0,01653916	1,540177	0,3646778	0,996442	69,80203	399,9971	27,88653	0,95	148,36	14,54874	124,	176,	4,718189	148,3772	159,9141	1,624756	14,54745	211,6283	22,20848	769,5352	214,3673	0,5830823	299,1146	848,0473	4,59909	6,185068	6,663387	2,282658	-0,3210757	0,9897191	164,2337	15,81469	140,	193,	152,2051	16,20276	125,	181,	129,6538	13,61692	105,	156,	29,19231	7,590856	18,	247,	41,75787	10,27174	26,	58,	148,36	14,54874	124,	176,	128,265	22,37874	114,	184,	144,422	22,52869	131,	200,	160,1451	17,62513	145,	202,	63,28852	9,22848	53,026	74,05236	4,327119	1,81888	4,401535	8,114	14,91436	2,54606	15,10293	17,45194	0,05643374
% à 2,00 x écart type	88,9	94,4	91,7	91,7	88,9	94,4	91,7	91,7	91,7	91,7	91,7	97,2	94,4	94,4	94,4	94,4	94,4	97,2	97,2	94,4	91,7	94,4	94,4	100,0	94,4	91,7	94,4	91,7	100,0	94,4	91,7	94,4	94,4	97,2	94,4	94,4	97,2	100,0	94,4	97,2	94,4	97,2	97,2	100,0	97,2	100,0	97,2	91,7	91,7	100,0	97,2	91,7	94,4	100,0	100,0	91,7	94,4	97,2	97,2	91,7	97,2	97,2	97,2	97,2	97,2	100,0	94,4	91,7	94,4	100,0	91,7	91,7	91,7	100,0	94,4	94,4	91,7	100,0	91,7	94,4	91,7	100,0	91,7	91,7	94,4	97,2	94,4	97,2	94,4	94,4	91,7	88,9	91,7	91,66666
