Date	Heure début	Heure fin	ID Programme	ID Lot	Utilisateur	ID Variété	ID Sous variété	Code variété	Masse totale mesurée	Nb mesures	Nb graines	PMG	Masse Surfacique (gr/mm2)	Masse ext.	PMG ext.	Classifieur	Masse analysée	%Clas. NI (nb)	%Clas. NI (masse)	Masse Clas. NI	Nb Clas. NI	PMG Clas. NI	%Clas. C1 (nb)	%Clas. C1 (masse)	Masse Clas. C1	Nb Clas. C1	PMG Clas. C1	%Clas. C2 (nb)	%Clas. C2 (masse)	Masse Clas. C2	Nb Clas. C2	PMG Clas. C2	%Clas. C3 (nb)	%Clas. C3 (masse)	Masse Clas. C3	Nb Clas. C3	PMG Clas. C3	%Clas. C4 (nb)	%Clas. C4 (masse)	Masse Clas. C4	Nb Clas. C4	PMG Clas. C4	Dossier Mesure
21/11/2022	13:37:49	13:37:49	Blé dur - Métrologie complète + classification cassés	16_35_bis	Mecarnot	Blé dur	Standard	0101	1,880	1	36	52,222	0,00276472	0,000	0,000	Graines entiers et cassés_test	1,880	0,0	0,0	0,000	0	0,000	100,0	100,0	1,880	36	52,222	0,0	0,0	0,000	0	0,000	0,0	0,0	0,000	0	0,000	0,0	0,0	0,000	0	0,000	2022-11-21_133749_0101_Mecarnot_16_35_bis



Mesure	Longueur (mm)	Longueur intérieure (mm)	Largeur (mm)	Périmètre (mm)	Périmètre de Crofton (mm)	Périmètre convexe (mm)	Dimètre Eq. (mm)	Surface (mm2)	Surface convexe (mm2)	Surface DiffCAP (mm2)	Surface DiffCEN (mm2)	Surface DiffEAP (mm2)	Finesse	Excentricité	F. Feret	Compacité	Circularité	Rugosité	Index de courbure	Moment inertie 1	Moment inertie 2	Moment inertie 3	Symétrie	Moyenne ndg	Ecart type ndg	Minimum ndg	Maximum ndg	Histo. Kurtose	Histo. Moyenne	Histo. Pic	Histo. Assymétrie	Histo. Ecart type	Histo. Variance	Cooc. Contraste	Cooc. Corrélation	Cooc. Variance globale	Cooc. Homogénéïté	Cooc. Somme des moyennes	Cooc. Somme des variances	Cooc. Somme des entropies	Cooc. Entropie globale	Cooc. Ecart variance	Cooc. Ecart entropie	Cooc. Corrélation IC1	Cooc. Corrélation IC2	RVB R Moy	RVB R Ect	RVB R Min	RVB R Max	RVB V Moy	RVB V Ect	RVB V Min	RVB V Max	RVB B Moy	RVB B Ect	RVB B Min	RVB B Max	TSI T Moy	TSI T Ect	TSI T Min	TSI T Max	TSI S Moy	TSI S Ect	TSI S Min	TSI S Max	TSI I Moy	TSI I Ect	TSI I Min	TSI I Max	CMJ C Moy	CMJ C Ect	CMJ C Min	CMJ C Max	CMJ M Moy	CMJ M Ect	CMJ M Min	CMJ M Max	CMJ J Moy	CMJ J Ect	CMJ J Min	CMJ J Max	Lab L Moy	Lab L Ect	Lab L Min	Lab L Max	Lab a Moy	Lab a Ect	Lab a Min	Lab a Max	Lab b Moy	Lab b Ect	Lab b Min	Lab b Max	Poids estimé (gr)
Moyenne	7,651583	7,703945	3,19725	21,21217	17,66908	17,72234	4,892104	18,88879	18,91811	11,05742	26,48955	1,962958	2,346272	0,9057291	2,345652	0,01367588	1,323626	0,2694186	0,9813874	61,20729	341,6682	-0,6483724	0,9055555	123,1568	8,180955	103,75	144,3333	-0,196788	123,1552	122,6424	0,093515	8,186319	73,5952	6,476021	246,2386	72,59366	0,4185438	248,2133	283,8986	4,021163	5,375889	2,469968	1,671178	-0,40339	0,9633268	140,5126	7,786543	120,6944	159,8333	123,9133	8,942695	102,0278	147,6389	105,0468	8,585551	86,19444	128,0278	22,68983	2,791621	12,77778	33,13889	37,66283	5,87382	20,5	51,83333	123,1568	8,180955	103,75	144,3333	114,4874	7,466618	95,16666	134,3056	131,0867	8,685062	107,3611	152,9722	149,9532	7,957748	126,9722	168,8056	52,96657	3,246418	44,52218	61,7097	3,238331	0,8083156	1,194313	4,847395	12,63605	0,7445681	10,60106	13,11281	0,05222223
Ecart type	0,6133353	0,6271262	0,269076	1,521032	1,318987	1,32686	0,3476043	2,660213	2,683415	2,167363	5,601366	0,3997077	0,2164221	0,01786784	0,2166649	0,001051862	0,08213491	0,02326692	0,007330035	10,40099	58,20921	13,19021	0,0269201	8,471907	2,567877	9,875264	9,416298	0,621778	8,47481	10,80894	0,4792612	2,565032	45,30645	4,160006	213,518	44,92429	0,1118882	17,11627	176,7362	0,3173342	0,5671549	1,345913	0,2876165	0,05212369	0,01406327	9,235536	2,780694	11,1076	9,979145	9,141912	2,727866	10,80249	9,687199	7,334372	2,420784	8,198303	9,084436	1,540762	0,5665356	2,839318	3,384218	3,165008	1,074732	3,890872	3,095696	8,471907	2,567877	9,875264	9,416298	9,235537	2,522497	9,979146	11,1076	9,14191	2,408221	9,687201	10,80249	7,334368	1,969643	9,084437	8,198303	3,526164	0,9446826	4,331809	3,612392	0,6632596	0,3442308	1,220229	1,397525	1,41761	0,3791699	1,497484	2,032397	0,007354745
Mini	6,616975	6,601001	2,639	18,495	15,18497	15,10623	4,178703	13,71224	13,76502	7,790458	19,76417	1,506816	1,947368	0,8661443	1,947368	0,01149425	1,200517	0,2299515	0,9643684	39,9153	240,7991	-25,40907	0,83	102,1179	3,706919	76,	124,	-1,000551	102,1161	97,10742	-1,187487	3,697412	13,67085	1,459386	35,87566	13,40211	0,19	205,983	52,06551	3,356848	4,183288	0,6399365	1,138681	-0,51284	0,9205937	117,9041	3,724185	88,	138,	101,028	4,280582	75,	128,	87,44656	4,507999	64,	110,	18,77323	1,782325	7,	28,	31,0361	3,810638	12,	46,	102,1179	3,706919	76,	124,	85,45271	3,268499	60,	118,	100,4187	5,021339	72,99999	134,	124,2628	4,773366	101,	152,	44,02148	1,713486	32,86909	53,99241	1,578502	0,03041148	-0,9066938	2,702829	9,608602	0,1116403	7,221571	8,689255	0,03791051
Maxi	9,048	9,19204	3,857	24,4545	20,66375	20,74164	5,565166	24,32102	24,38436	16,91656	43,57859	3,243551	2,923077	0,9457381	2,923077	0,01571715	1,607274	0,3338189	0,9915624	85,60448	486,8264	30,95362	0,95	151,619	14,90353	121,	177,	2,3037	151,6254	153,1309	1,468958	14,90565	222,1785	18,27154	987,7291	216,7659	0,6281313	306,4489	848,7919	4,677296	6,466445	5,381643	2,165458	-0,3072589	0,986997	169,5473	13,4864	137,	195,	154,5813	15,82875	121,	182,	130,7372	15,78317	103,	154,	26,47495	4,271218	17,	42,	43,48242	8,986975	30,	59,	151,619	14,90353	121,	177,	137,0959	13,79956	117,	167,	153,972	15,49368	127,	180,	167,5534	13,14581	145,	191,	64,50824	5,980887	51,78337	74,43924	4,55366	1,527593	3,995003	7,954996	14,82728	1,813735	14,35453	16,36559	0,06724082
% à 2,00 x écart type	91,7	91,7	91,7	97,2	94,4	94,4	97,2	97,2	97,2	94,4	91,7	91,7	94,4	91,7	94,4	94,4	94,4	94,4	97,2	94,4	94,4	97,2	97,2	94,4	97,2	94,4	91,7	97,2	94,4	94,4	91,7	97,2	97,2	94,4	94,4	97,2	97,2	94,4	97,2	94,4	97,2	97,2	100,0	97,2	97,2	94,4	97,2	94,4	91,7	94,4	97,2	94,4	91,7	94,4	97,2	91,7	94,4	94,4	97,2	94,4	88,9	97,2	97,2	94,4	97,2	94,4	97,2	94,4	91,7	94,4	91,7	91,7	94,4	94,4	97,2	91,7	94,4	94,4	94,4	94,4	91,7	94,4	97,2	94,4	91,7	94,4	94,4	97,2	97,2	94,4	97,2	94,4	97,2	97,22222
