Date	Heure début	Heure fin	ID Programme	ID Lot	Utilisateur	ID Variété	ID Sous variété	Code variété	Masse totale mesurée	Nb mesures	Nb graines	PMG	Masse Surfacique (gr/mm2)	Masse ext.	PMG ext.	Classifieur	Masse analysée	%Clas. NI (nb)	%Clas. NI (masse)	Masse Clas. NI	Nb Clas. NI	PMG Clas. NI	%Clas. C1 (nb)	%Clas. C1 (masse)	Masse Clas. C1	Nb Clas. C1	PMG Clas. C1	%Clas. C2 (nb)	%Clas. C2 (masse)	Masse Clas. C2	Nb Clas. C2	PMG Clas. C2	%Clas. C3 (nb)	%Clas. C3 (masse)	Masse Clas. C3	Nb Clas. C3	PMG Clas. C3	%Clas. C4 (nb)	%Clas. C4 (masse)	Masse Clas. C4	Nb Clas. C4	PMG Clas. C4	Dossier Mesure
21/11/2022	14:57:11	14:57:11	Blé dur - Métrologie complète + classification cassés	101_104_114	Mecarnot	Blé dur	Standard	0101	1,410	1	36	39,167	0,002441791	0,000	0,000	Graines entiers et cassés_test	1,410	0,0	0,0	0,000	0	0,000	94,4	96,0	1,353	34	39,796	5,6	4,0	0,057	2	28,469	0,0	0,0	0,000	0	0,000	0,0	0,0	0,000	0	0,000	2022-11-21_145711_0101_Mecarnot_101_104_114



Mesure	Longueur (mm)	Longueur intérieure (mm)	Largeur (mm)	Périmètre (mm)	Périmètre de Crofton (mm)	Périmètre convexe (mm)	Dimètre Eq. (mm)	Surface (mm2)	Surface convexe (mm2)	Surface DiffCAP (mm2)	Surface DiffCEN (mm2)	Surface DiffEAP (mm2)	Finesse	Excentricité	F. Feret	Compacité	Circularité	Rugosité	Index de courbure	Moment inertie 1	Moment inertie 2	Moment inertie 3	Symétrie	Moyenne ndg	Ecart type ndg	Minimum ndg	Maximum ndg	Histo. Kurtose	Histo. Moyenne	Histo. Pic	Histo. Assymétrie	Histo. Ecart type	Histo. Variance	Cooc. Contraste	Cooc. Corrélation	Cooc. Variance globale	Cooc. Homogénéïté	Cooc. Somme des moyennes	Cooc. Somme des variances	Cooc. Somme des entropies	Cooc. Entropie globale	Cooc. Ecart variance	Cooc. Ecart entropie	Cooc. Corrélation IC1	Cooc. Corrélation IC2	RVB R Moy	RVB R Ect	RVB R Min	RVB R Max	RVB V Moy	RVB V Ect	RVB V Min	RVB V Max	RVB B Moy	RVB B Ect	RVB B Min	RVB B Max	TSI T Moy	TSI T Ect	TSI T Min	TSI T Max	TSI S Moy	TSI S Ect	TSI S Min	TSI S Max	TSI I Moy	TSI I Ect	TSI I Min	TSI I Max	CMJ C Moy	CMJ C Ect	CMJ C Min	CMJ C Max	CMJ M Moy	CMJ M Ect	CMJ M Min	CMJ M Max	CMJ J Moy	CMJ J Ect	CMJ J Min	CMJ J Max	Lab L Moy	Lab L Ect	Lab L Min	Lab L Max	Lab a Moy	Lab a Ect	Lab a Min	Lab a Max	Lab b Moy	Lab b Ect	Lab b Min	Lab b Max	Poids estimé (gr)
Moyenne	7,12355	7,188893	2,957776	19,70517	16,45592	16,47265	4,504099	16,04013	16,14423	9,612652	23,19949	1,854475	2,369508	0,9097407	2,365888	0,01465248	1,358399	0,3030615	0,9790698	52,18159	293,662	0,05871238	0,8966666	124,8055	7,7896	106,1111	145,8056	0,00512947	124,8142	124,5677	0,08916923	7,792082	65,46085	6,464018	261,6246	64,81161	0,4112811	251,6018	252,7824	3,961425	5,319166	2,434134	1,680064	-0,3933134	0,9579513	140,8486	7,654519	121,1389	160,1111	125,5961	8,563035	104,4444	149,	107,9766	7,937801	90,30556	130,9722	22,82265	3,124949	12,22222	35,16667	34,46001	5,262219	17,75	47,61111	124,8055	7,7896	106,1111	145,8056	114,1514	7,531145	94,88889	133,8611	129,4039	8,632412	106,	150,5556	147,0234	8,082736	124,0278	164,6944	53,53107	3,241072	45,33175	62,1664	2,867564	0,7060715	0,9930713	4,27494	11,72429	0,8279893	9,396848	11,97773	0,03916666
Ecart type	0,428147	0,4338576	0,3153068	1,330715	1,095193	1,104808	0,3728983	2,608937	2,603452	1,314063	3,088493	0,2751068	0,2129632	0,01763818	0,2135217	0,0008845663	0,0821579	0,02624775	0,009753795	11,02171	38,1508	17,67468	0,0262467	7,462513	2,180342	10,73359	9,576648	0,7607651	7,464163	8,991677	0,5400736	2,178141	37,49126	4,153231	205,6017	38,30054	0,09863367	15,19816	151,8441	0,2449742	0,4189787	1,298984	0,2492238	0,06146562	0,01900616	8,262551	2,45315	12,68015	10,2056	8,156107	2,351161	11,36624	10,3145	6,526659	1,985248	8,890755	9,118011	1,781746	0,7531848	4,15071	5,474689	4,232408	1,345459	5,474055	5,448128	7,462513	2,180342	10,73359	9,576648	8,262548	2,507461	10,2056	12,68015	8,156108	2,513168	10,3145	11,36624	6,526655	2,513167	9,118011	8,890755	3,134571	0,9743099	4,658771	3,8055	0,6630754	0,2803448	1,174836	1,11613	1,745901	0,5050399	2,503842	2,379443	0,00637048
Mini	6,320241	6,313535	2,233	16,851	14,16357	14,06614	3,612822	10,24988	10,48211	7,146916	16,974	1,273359	1,969697	0,8697286	1,969697	0,01298701	1,230256	0,2451452	0,9553285	29,26571	224,759	-46,24166	0,83	104,6791	4,191006	76,	125,	-1,114535	104,6861	110,1797	-1,503966	4,186353	17,52555	2,091024	35,10689	16,9399	0,2257909	210,4094	64,51438	3,413032	4,440297	1,128591	1,2839	-0,546213	0,9170342	118,9858	3,686373	84,	140,	104,8762	4,495092	73,	127,	90,14787	4,445233	65,	112,	20,07107	1,784373	0,	29,	24,75644	3,24098	5,	34,	104,6791	4,191006	76,	125,	96,43822	3,723801	63,	111,	109,4403	4,744479	72,99999	130,	128,9055	3,980042	96,99999	150,	45,27545	1,760785	32,17745	53,94632	1,52991	0,07364091	-1,406067	1,631628	8,335288	0,1838659	2,195045	8,468428	0,02502807
Maxi	8,008	8,027521	3,654	23,016	19,12877	18,96242	5,378461	22,71651	22,90652	12,15057	32,52498	2,407833	2,834753	0,9456577	2,818182	0,01645507	1,564589	0,3526239	0,9936695	80,05576	374,0084	28,28009	0,94	143,4091	14,03895	125,	176,	1,839741	143,4311	151,1953	1,168583	14,02443	196,6848	16,8359	864,7707	205,2653	0,6060541	289,6844	813,7018	4,253928	6,099116	5,635719	2,180396	-0,2850246	0,9877708	158,5618	13,8579	144,	192,	145,5597	15,19957	125,	182,	126,0945	13,30964	105,	158,	25,94698	4,976165	19,	54,	41,19236	9,280474	27,	58,	143,4091	14,03895	125,	176,	136,0142	16,64574	115,	171,	150,1238	15,70527	128,	182,	164,8521	17,3269	143,	190,	61,00802	6,46744	53,61766	74,18687	3,865559	1,228329	3,203625	6,156533	15,06929	2,477379	14,59312	17,29628	0,05546898
% à 2,00 x écart type	97,2	97,2	91,7	94,4	91,7	94,4	91,7	91,7	91,7	100,0	91,7	94,4	97,2	94,4	97,2	97,2	94,4	97,2	97,2	91,7	97,2	94,4	94,4	94,4	94,4	94,4	91,7	94,4	94,4	97,2	94,4	94,4	94,4	91,7	91,7	94,4	100,0	94,4	94,4	94,4	97,2	97,2	97,2	94,4	97,2	94,4	94,4	94,4	94,4	94,4	94,4	94,4	91,7	94,4	94,4	94,4	91,7	100,0	91,7	94,4	91,7	97,2	94,4	94,4	97,2	94,4	94,4	94,4	91,7	94,4	97,2	94,4	94,4	94,4	91,7	91,7	94,4	94,4	94,4	91,7	94,4	94,4	94,4	94,4	91,7	97,2	97,2	97,2	94,4	100,0	97,2	94,4	97,2	91,66666
