Date	Heure début	Heure fin	ID Programme	ID Lot	Utilisateur	ID Variété	ID Sous variété	Code variété	Masse totale mesurée	Nb mesures	Nb graines	PMG	Masse Surfacique (gr/mm2)	Masse ext.	PMG ext.	Classifieur	Masse analysée	%Clas. NI (nb)	%Clas. NI (masse)	Masse Clas. NI	Nb Clas. NI	PMG Clas. NI	%Clas. C1 (nb)	%Clas. C1 (masse)	Masse Clas. C1	Nb Clas. C1	PMG Clas. C1	%Clas. C2 (nb)	%Clas. C2 (masse)	Masse Clas. C2	Nb Clas. C2	PMG Clas. C2	%Clas. C3 (nb)	%Clas. C3 (masse)	Masse Clas. C3	Nb Clas. C3	PMG Clas. C3	%Clas. C4 (nb)	%Clas. C4 (masse)	Masse Clas. C4	Nb Clas. C4	PMG Clas. C4	Dossier Mesure
22/11/2022	11:22:15	11:22:15	Blé dur - Métrologie complète + classification cassés	352_353_356	Mecarnot	Blé dur	Standard	0101	1,720	1	36	47,778	0,002490569	0,000	0,000	Graines entiers et cassés_test	1,720	0,0	0,0	0,000	0	0,000	100,0	100,0	1,720	36	47,778	0,0	0,0	0,000	0	0,000	0,0	0,0	0,000	0	0,000	0,0	0,0	0,000	0	0,000	2022-11-22_112215_0101_Mecarnot_352_353_356



Mesure	Longueur (mm)	Longueur intérieure (mm)	Largeur (mm)	Périmètre (mm)	Périmètre de Crofton (mm)	Périmètre convexe (mm)	Dimètre Eq. (mm)	Surface (mm2)	Surface convexe (mm2)	Surface DiffCAP (mm2)	Surface DiffCEN (mm2)	Surface DiffEAP (mm2)	Finesse	Excentricité	F. Feret	Compacité	Circularité	Rugosité	Index de courbure	Moment inertie 1	Moment inertie 2	Moment inertie 3	Symétrie	Moyenne ndg	Ecart type ndg	Minimum ndg	Maximum ndg	Histo. Kurtose	Histo. Moyenne	Histo. Pic	Histo. Assymétrie	Histo. Ecart type	Histo. Variance	Cooc. Contraste	Cooc. Corrélation	Cooc. Variance globale	Cooc. Homogénéïté	Cooc. Somme des moyennes	Cooc. Somme des variances	Cooc. Somme des entropies	Cooc. Entropie globale	Cooc. Ecart variance	Cooc. Ecart entropie	Cooc. Corrélation IC1	Cooc. Corrélation IC2	RVB R Moy	RVB R Ect	RVB R Min	RVB R Max	RVB V Moy	RVB V Ect	RVB V Min	RVB V Max	RVB B Moy	RVB B Ect	RVB B Min	RVB B Max	TSI T Moy	TSI T Ect	TSI T Min	TSI T Max	TSI S Moy	TSI S Ect	TSI S Min	TSI S Max	TSI I Moy	TSI I Ect	TSI I Min	TSI I Max	CMJ C Moy	CMJ C Ect	CMJ C Min	CMJ C Max	CMJ M Moy	CMJ M Ect	CMJ M Min	CMJ M Max	CMJ J Moy	CMJ J Ect	CMJ J Min	CMJ J Max	Lab L Moy	Lab L Ect	Lab L Min	Lab L Max	Lab a Moy	Lab a Ect	Lab a Min	Lab a Max	Lab b Moy	Lab b Ect	Lab b Min	Lab b Max	Poids estimé (gr)
Moyenne	7,821202	7,906024	3,259277	21,7145	18,05021	18,03577	4,934067	19,18348	19,34973	11,50896	28,14202	2,125244	2,352367	0,9099376	2,348689	0,01334471	1,35774	0,2817975	0,9771915	61,7349	352,5044	-3,64826	0,8933332	128,0391	8,786506	108,2778	153,25	0,05165639	128,1007	125,8646	0,2465374	8,787839	83,3884	6,342519	203,7302	81,90285	0,4226195	257,8006	321,2689	4,077798	5,425447	2,44691	1,675615	-0,4140553	0,9657514	144,5899	7,836233	124,8611	166,3056	129,0778	9,531963	107,0833	156,3333	110,4517	9,789369	90,	139,1944	23,45873	3,31985	12,27778	46,69444	35,33292	6,449975	15,38889	49,69444	128,0391	8,786506	108,2778	153,25	110,4101	7,874029	88,69444	130,1389	125,9222	9,526503	98,66666	147,9167	144,5483	9,83005	115,8056	165,	54,89116	3,525505	46,452	64,86722	2,782369	0,7375373	0,6679422	4,244043	12,25491	1,034932	9,570624	12,87413	0,04777778
Ecart type	0,4609094	0,4353268	0,2661651	1,25282	0,9880233	0,9949665	0,2894055	2,259507	2,258909	1,486938	3,813802	0,3364898	0,1823131	0,01243908	0,183941	0,0008083842	0,05764824	0,01979337	0,0090928	9,777577	42,38177	18,95903	0,02848002	7,604707	2,481961	8,275167	9,781999	1,012283	7,605978	8,427765	0,4660805	2,48239	47,72429	4,000239	122,9229	48,22193	0,1069044	15,40171	191,663	0,2790223	0,4503964	1,153096	0,2423388	0,06652884	0,01734832	7,989123	2,571197	8,753262	11,35493	8,051493	2,669699	8,917446	10,10225	7,041406	2,40008	7,295356	9,258087	1,34558	1,513554	4,167408	47,28978	2,772645	1,2896	5,197637	3,604159	7,604707	2,481961	8,275167	9,781999	7,98912	2,271826	11,35493	8,753262	8,051494	2,260604	10,10226	8,917446	7,041413	2,486859	9,258088	7,295356	3,082297	0,8693609	3,517045	3,805197	0,6593851	0,3395402	1,296585	1,243135	1,032103	0,6553461	2,552836	1,972522	0,005627458
Mini	6,76	6,965436	2,7405	18,906	15,91701	15,84439	4,38588	15,10564	15,22175	8,626252	19,96227	1,639208	2,025037	0,8859391	1,971429	0,01204819	1,246451	0,2321885	0,9527273	44,99261	259,63	-44,34226	0,8	106,4971	4,980298	79,	130,	-1,137765	106,5594	106,9375	-0,719466	4,982667	24,82697	1,755687	29,09276	23,8587	0,1919023	214,4477	93,67907	3,577185	4,539827	0,7792854	1,231381	-0,5805289	0,9069295	121,7805	3,906415	94,	142,	106,2585	5,426845	77,	134,	91,44971	5,929122	65,	117,	20,68911	2,145071	0,	28,	29,23873	4,372277	2,	43,	106,4971	4,980298	79,	130,	87,89913	4,475614	63,	115,	103,3901	6,01545	75,99999	130,	125,4301	5,39949	93,99999	150,	45,96947	2,183085	34,12637	56,17313	1,483985	0,0286268	-3,421234	1,43675	9,787515	0,1367118	0,6439533	8,427965	0,03762164
Maxi	8,632	8,705729	3,857	24,0435	19,76052	19,85028	5,620447	24,8066	24,86994	15,22324	35,70975	2,976963	2,925926	0,9426101	2,925926	0,01538462	1,514191	0,3180641	0,9921369	86,80521	435,4565	42,28423	0,94	149,4234	15,0648	125,	175,	4,041995	149,4898	145,1875	1,354217	15,07103	227,136	19,07448	498,9355	222,1038	0,5818526	300,9383	885,4025	4,670446	6,330954	5,533019	2,204459	-0,2716671	0,9952589	167,1009	14,5153	140,	192,	151,6099	15,92849	125,	179,	129,5699	16,9757	105,	161,	26,14448	10,80516	18,	253,	42,40552	8,968926	26,	57,	149,4234	15,0648	125,	175,	133,2195	14,75047	113,	161,	148,7415	16,03169	121,	178,	163,5503	15,50443	138,	190,	63,47219	6,348265	53,23571	73,38079	4,071587	1,625702	2,827938	7,337965	14,46321	3,560916	13,91192	17,04301	0,06178255
% à 2,00 x écart type	94,4	97,2	97,2	97,2	97,2	97,2	97,2	94,4	94,4	97,2	97,2	94,4	94,4	94,4	91,7	94,4	94,4	97,2	94,4	94,4	97,2	91,7	97,2	91,7	94,4	91,7	91,7	97,2	91,7	94,4	94,4	94,4	94,4	94,4	94,4	94,4	97,2	91,7	94,4	97,2	97,2	91,7	97,2	94,4	97,2	91,7	97,2	94,4	91,7	91,7	94,4	91,7	91,7	91,7	97,2	91,7	94,4	97,2	94,4	91,7	94,4	91,7	100,0	91,7	97,2	91,7	94,4	91,7	91,7	91,7	94,4	91,7	94,4	91,7	94,4	91,7	91,7	91,7	97,2	94,4	91,7	91,7	94,4	94,4	91,7	100,0	94,4	94,4	94,4	94,4	97,2	97,2	94,4	94,44444
