Date	Heure début	Heure fin	ID Programme	ID Lot	Utilisateur	ID Variété	ID Sous variété	Code variété	Masse totale mesurée	Nb mesures	Nb graines	PMG	Masse Surfacique (gr/mm2)	Masse ext.	PMG ext.	Classifieur	Masse analysée	%Clas. NI (nb)	%Clas. NI (masse)	Masse Clas. NI	Nb Clas. NI	PMG Clas. NI	%Clas. C1 (nb)	%Clas. C1 (masse)	Masse Clas. C1	Nb Clas. C1	PMG Clas. C1	%Clas. C2 (nb)	%Clas. C2 (masse)	Masse Clas. C2	Nb Clas. C2	PMG Clas. C2	%Clas. C3 (nb)	%Clas. C3 (masse)	Masse Clas. C3	Nb Clas. C3	PMG Clas. C3	%Clas. C4 (nb)	%Clas. C4 (masse)	Masse Clas. C4	Nb Clas. C4	PMG Clas. C4	Dossier Mesure
22/11/2022	13:18:48	13:18:48	Blé dur - Métrologie complète + classification cassés	426_427_428	Mecarnot	Blé dur	Standard	0101	1,800	1	36	50,000	0,002690595	0,000	0,000	Graines entiers et cassés_test	1,800	0,0	0,0	0,000	0	0,000	100,0	100,0	1,800	36	50,000	0,0	0,0	0,000	0	0,000	0,0	0,0	0,000	0	0,000	0,0	0,0	0,000	0	0,000	2022-11-22_131848_0101_Mecarnot_426_427_428



Mesure	Longueur (mm)	Longueur intérieure (mm)	Largeur (mm)	Périmètre (mm)	Périmètre de Crofton (mm)	Périmètre convexe (mm)	Dimètre Eq. (mm)	Surface (mm2)	Surface convexe (mm2)	Surface DiffCAP (mm2)	Surface DiffCEN (mm2)	Surface DiffEAP (mm2)	Finesse	Excentricité	F. Feret	Compacité	Circularité	Rugosité	Index de courbure	Moment inertie 1	Moment inertie 2	Moment inertie 3	Symétrie	Moyenne ndg	Ecart type ndg	Minimum ndg	Maximum ndg	Histo. Kurtose	Histo. Moyenne	Histo. Pic	Histo. Assymétrie	Histo. Ecart type	Histo. Variance	Cooc. Contraste	Cooc. Corrélation	Cooc. Variance globale	Cooc. Homogénéïté	Cooc. Somme des moyennes	Cooc. Somme des variances	Cooc. Somme des entropies	Cooc. Entropie globale	Cooc. Ecart variance	Cooc. Ecart entropie	Cooc. Corrélation IC1	Cooc. Corrélation IC2	RVB R Moy	RVB R Ect	RVB R Min	RVB R Max	RVB V Moy	RVB V Ect	RVB V Min	RVB V Max	RVB B Moy	RVB B Ect	RVB B Min	RVB B Max	TSI T Moy	TSI T Ect	TSI T Min	TSI T Max	TSI S Moy	TSI S Ect	TSI S Min	TSI S Max	TSI I Moy	TSI I Ect	TSI I Min	TSI I Max	CMJ C Moy	CMJ C Ect	CMJ C Min	CMJ C Max	CMJ M Moy	CMJ M Ect	CMJ M Min	CMJ M Max	CMJ J Moy	CMJ J Ect	CMJ J Min	CMJ J Max	Lab L Moy	Lab L Ect	Lab L Min	Lab L Max	Lab a Moy	Lab a Ect	Lab a Min	Lab a Max	Lab b Moy	Lab b Ect	Lab b Min	Lab b Max	Poids estimé (gr)
Moyenne	7,675643	7,738482	3,140861	21,20075	17,70739	17,7194	4,855951	18,58325	18,64043	11,16025	26,95166	2,680446	2,396724	0,9110664	2,394973	0,0135886	1,349884	0,28103	0,9799371	58,99581	343,1889	-5,250404	0,9055554	128,1727	7,97898	109,	151,4444	0,3838155	128,1728	127,0798	0,2618625	7,98183	68,68844	6,743279	252,3064	68,19984	0,4129994	258,2197	266,0561	3,986127	5,362371	2,664128	1,69332	-0,3909637	0,9596011	144,3372	7,383586	125,1389	165,3889	129,3657	8,756569	107,4722	154,8611	110,8212	8,616379	92,	136,8056	23,79069	3,305757	12,05556	46,69444	34,74594	5,673276	16,5	48,47222	128,1727	7,97898	109,	151,4444	110,6628	7,897954	89,61111	129,8611	125,6343	9,207627	100,1389	147,5278	144,1788	8,889136	118,1944	163,	54,95438	3,43283	46,62294	64,33064	2,572262	0,7279799	0,7773531	4,397113	12,12699	1,011313	9,531548	12,54555	0,05
Ecart type	0,4130087	0,4098149	0,2620112	1,160969	0,9260074	0,9367114	0,2901116	2,244908	2,256234	1,358229	3,430448	2,960792	0,1797942	0,01579404	0,1798251	0,0007306931	0,06369302	0,03106459	0,007217083	10,08444	37,64971	15,28471	0,02397273	7,56161	2,232317	9,718253	11,08413	1,246206	7,56404	8,327197	0,677476	2,231326	38,97757	4,384692	171,2283	39,25678	0,1033893	15,19465	154,323	0,256138	0,4828651	1,65125	0,2607664	0,05035364	0,01359835	7,967034	2,367004	11,1981	11,71485	7,894723	2,394563	10,58166	11,68368	7,063193	2,116161	8,232726	10,16207	1,386452	1,507966	4,383963	46,84183	2,854889	1,287542	4,317278	4,15322	7,56161	2,232317	9,718253	11,08413	7,967032	2,876706	11,71485	11,1981	7,894723	2,891106	11,68369	10,58166	7,063198	2,679385	10,16208	8,232726	3,051318	1,081611	4,247743	4,27994	0,5554504	0,2897148	1,284232	1,316845	1,073806	0,5897282	2,22032	1,805832	0,00604014
Mini	6,864	6,917499	2,7405	19,317	16,07841	16,10022	4,344306	14,82062	14,95785	8,588736	20,15892	1,619638	2,029412	0,8749166	2,029412	0,01219512	1,23703	0,2329013	0,960021	43,57098	271,2117	-38,98631	0,84	106,9426	4,543945	78,	133,	-0,9846044	106,9274	107,9824	-1,615763	4,536888	20,58335	1,801063	60,20651	19,82722	0,2208703	215,5423	77,50783	3,498871	4,358726	0,9231465	1,223093	-0,477849	0,928625	123,7979	3,587928	87,	147,	106,9743	4,897398	73,	135,	90,04452	5,153265	68,	122,	20,40227	2,103807	0,	30,	29,17528	3,39197	6,	41,	106,9426	4,543945	78,	133,	88,99074	3,669118	44,	112,	104,2796	5,621966	53,	130,	126,2426	5,508212	75,99999	149,	46,33703	2,147616	32,27733	57,13704	1,45068	0,1757503	-1,363563	0,7524208	9,858803	0,1959432	5,18166	8,216276	0,03987628
Maxi	8,528	8,617035	3,7555	23,6325	19,60892	19,72076	5,530031	24,0149	24,21547	14,46509	33,24948	17,75342	2,689655	0,9349667	2,689655	0,01515152	1,497979	0,3585643	0,9938688	84,84027	430,4468	36,02612	0,94	148,4824	13,54473	125,	197,	4,287369	148,4815	149,8184	1,858841	13,54101	183,359	22,31602	715,1732	182,5593	0,6351282	299,519	715,7298	4,4885	6,320674	8,704747	2,325591	-0,3010242	0,9842014	166,0093	13,21516	143,	211,	150,7204	14,29637	125,	202,	128,7574	13,60789	106,	179,	26,83838	10,06893	17,	249,	41,37934	8,906433	25,	60,	148,4824	13,54473	125,	197,	131,2021	18,6305	108,	168,	148,0257	21,00635	120,	182,	164,9555	20,14418	133,	187,	63,11897	7,576202	53,54354	81,48065	3,801787	1,539103	3,823695	7,017025	14,75579	2,544755	12,90099	17,04842	0,06461436
% à 2,00 x écart type	97,2	94,4	97,2	97,2	94,4	97,2	97,2	97,2	97,2	97,2	100,0	94,4	94,4	97,2	94,4	97,2	97,2	94,4	97,2	97,2	97,2	94,4	94,4	94,4	94,4	97,2	94,4	94,4	94,4	91,7	91,7	94,4	94,4	97,2	94,4	94,4	97,2	94,4	94,4	100,0	97,2	94,4	97,2	100,0	97,2	94,4	94,4	97,2	94,4	94,4	94,4	97,2	94,4	94,4	97,2	94,4	97,2	94,4	94,4	91,7	94,4	91,7	97,2	97,2	94,4	94,4	94,4	97,2	94,4	94,4	94,4	94,4	97,2	94,4	94,4	94,4	97,2	94,4	97,2	97,2	94,4	94,4	94,4	97,2	94,4	94,4	97,2	97,2	97,2	94,4	97,2	100,0	91,7	97,22222
