Date	Heure début	Heure fin	ID Programme	ID Lot	Utilisateur	ID Variété	ID Sous variété	Code variété	Masse totale mesurée	Nb mesures	Nb graines	PMG	Masse Surfacique (gr/mm2)	Masse ext.	PMG ext.	Classifieur	Masse analysée	%Clas. NI (nb)	%Clas. NI (masse)	Masse Clas. NI	Nb Clas. NI	PMG Clas. NI	%Clas. C1 (nb)	%Clas. C1 (masse)	Masse Clas. C1	Nb Clas. C1	PMG Clas. C1	%Clas. C2 (nb)	%Clas. C2 (masse)	Masse Clas. C2	Nb Clas. C2	PMG Clas. C2	%Clas. C3 (nb)	%Clas. C3 (masse)	Masse Clas. C3	Nb Clas. C3	PMG Clas. C3	%Clas. C4 (nb)	%Clas. C4 (masse)	Masse Clas. C4	Nb Clas. C4	PMG Clas. C4	Dossier Mesure
22/11/2022	13:49:23	13:49:23	Blé dur - Métrologie complète + classification cassés	469_470_474	Mecarnot	Blé dur	Standard	0101	1,830	1	36	50,833	0,002667176	0,000	0,000	Graines entiers et cassés_test	1,830	0,0	0,0	0,000	0	0,000	100,0	100,0	1,830	36	50,833	0,0	0,0	0,000	0	0,000	0,0	0,0	0,000	0	0,000	0,0	0,0	0,000	0	0,000	2022-11-22_134923_0101_Mecarnot_469_470_474



Mesure	Longueur (mm)	Longueur intérieure (mm)	Largeur (mm)	Périmètre (mm)	Périmètre de Crofton (mm)	Périmètre convexe (mm)	Dimètre Eq. (mm)	Surface (mm2)	Surface convexe (mm2)	Surface DiffCAP (mm2)	Surface DiffCEN (mm2)	Surface DiffEAP (mm2)	Finesse	Excentricité	F. Feret	Compacité	Circularité	Rugosité	Index de courbure	Moment inertie 1	Moment inertie 2	Moment inertie 3	Symétrie	Moyenne ndg	Ecart type ndg	Minimum ndg	Maximum ndg	Histo. Kurtose	Histo. Moyenne	Histo. Pic	Histo. Assymétrie	Histo. Ecart type	Histo. Variance	Cooc. Contraste	Cooc. Corrélation	Cooc. Variance globale	Cooc. Homogénéïté	Cooc. Somme des moyennes	Cooc. Somme des variances	Cooc. Somme des entropies	Cooc. Entropie globale	Cooc. Ecart variance	Cooc. Ecart entropie	Cooc. Corrélation IC1	Cooc. Corrélation IC2	RVB R Moy	RVB R Ect	RVB R Min	RVB R Max	RVB V Moy	RVB V Ect	RVB V Min	RVB V Max	RVB B Moy	RVB B Ect	RVB B Min	RVB B Max	TSI T Moy	TSI T Ect	TSI T Min	TSI T Max	TSI S Moy	TSI S Ect	TSI S Min	TSI S Max	TSI I Moy	TSI I Ect	TSI I Min	TSI I Max	CMJ C Moy	CMJ C Ect	CMJ C Min	CMJ C Max	CMJ M Moy	CMJ M Ect	CMJ M Min	CMJ M Max	CMJ J Moy	CMJ J Ect	CMJ J Min	CMJ J Max	Lab L Moy	Lab L Ect	Lab L Min	Lab L Max	Lab a Moy	Lab a Ect	Lab a Min	Lab a Max	Lab b Moy	Lab b Ect	Lab b Min	Lab b Max	Poids estimé (gr)
Moyenne	7,921564	7,991591	3,140861	21,68025	18,15723	18,18595	4,919012	19,05886	19,17849	12,06328	29,49565	2,077009	2,487337	0,9166615	2,486465	0,01317777	1,385691	0,2871712	0,9792041	58,88367	368,5329	7,008537	0,8966666	125,2664	7,50136	105,1111	144,9444	0,1876763	125,269	125,0623	-0,06802204	7,459997	58,99083	5,556746	263,026	58,58261	0,4317293	252,5879	228,7737	3,930161	5,252602	2,250312	1,621709	-0,3960375	0,9583904	141,9518	7,002901	121,5833	159,3056	126,4773	8,191286	104,	148,0833	107,3667	8,024087	87,61111	130,75	23,73486	2,84115	12,83333	39,16667	36,644	5,317865	17,77778	50,19444	125,2664	7,50136	105,1111	144,9444	113,0482	7,616333	95,69444	133,4167	128,5227	8,711855	106,9167	151,	147,6333	8,594479	124,25	167,3889	53,86504	3,302886	45,19198	61,84396	2,718054	0,6633385	1,185905	4,279211	12,56263	1,074425	9,56512	12,87689	0,05083334
Ecart type	0,4945001	0,4769036	0,3164316	1,17103	0,9260823	0,9139971	0,2709396	2,087588	2,093277	1,742462	5,729273	0,3364848	0,3068775	0,02134777	0,3074899	0,0007885179	0,1144251	0,02833425	0,008055423	11,74062	46,71107	18,29555	0,0332499	7,119333	1,815279	10,3139	8,993654	1,186277	7,090117	9,45848	0,6238413	1,827366	27,71501	3,331379	192,7526	27,68133	0,08495638	14,50079	108,7665	0,2543287	0,440321	1,346273	0,2408917	0,05383127	0,01762768	7,318266	1,951345	11,69372	9,657522	7,694425	1,940464	11,46977	9,889318	6,763072	1,619945	8,340921	7,514338	1,34687	0,8914691	4,065437	36,09363	3,548516	1,03685	5,513172	4,04021	7,119333	1,815279	10,3139	8,993654	7,318271	3,092547	9,657525	11,69372	7,694423	2,980262	9,88932	11,46977	6,763072	2,147736	7,514338	8,340921	2,914293	1,179709	4,56283	3,626386	0,7175859	0,2810587	1,057002	1,152836	1,241595	0,6532573	2,66106	1,730901	0,005567966
Mini	7,176	7,179801	2,5375	19,728	16,66288	16,67727	4,372066	15,01063	15,10564	9,259312	20,90457	1,574812	2,	0,8641528	2,	0,01098901	1,208104	0,2356221	0,9607832	36,82491	297,9126	-34,80484	0,82	112,1804	3,868399	80,	128,	-1,363397	112,2563	110,0664	-1,511187	3,874494	15,01171	1,889655	72,55092	14,07407	0,2769605	226,2024	54,15787	3,342018	4,322108	0,8230647	1,245611	-0,4930789	0,9166284	128,3839	3,007919	94,	142,	112,4629	4,349433	77,	131,	95,67199	4,376989	67,	118,	21,39533	1,965463	3,	28,	27,94194	3,17417	5,	40,	112,1804	3,868399	80,	128,	93,29736	3,06604	70,99999	112,	106,9987	4,338506	81,99999	129,	126,7961	4,849543	106,	150,	48,44632	1,637391	34,30981	55,44517	1,30706	0,1099112	-1,52921	2,088719	9,29696	0,2096259	2,891695	9,007156	0,040036
Maxi	9,464	9,445607	3,654	24,66	20,45913	20,53999	5,394682	22,85374	23,06486	17,05209	48,15487	2,944043	3,32	0,958225	3,32	0,01449275	1,666684	0,3427891	0,9906067	82,6041	502,8969	46,26168	0,95	145,975	11,43782	125,	166,	4,388962	145,9916	151,0508	1,005261	11,48175	131,8306	15,84231	919,5507	130,089	0,5881431	295,1042	504,5137	4,39609	6,154561	6,076684	2,176766	-0,2882218	0,9842153	161,7026	11,4805	143,	184,	148,0013	12,44069	126,	173,	128,2039	11,93982	105,	149,	26,75343	7,01346	20,	252,	42,84109	7,790721	27,	58,	145,975	11,43782	125,	166,	126,6161	15,40321	113,	161,	142,5371	15,86951	124,	178,	159,328	13,66136	137,	188,	61,99303	6,198138	53,79416	70,99764	4,005065	1,497588	3,241049	7,007556	14,94496	3,082097	13,82718	15,96288	0,06095495
% à 2,00 x écart type	97,2	97,2	100,0	97,2	97,2	97,2	97,2	100,0	100,0	97,2	94,4	91,7	94,4	97,2	94,4	97,2	94,4	100,0	97,2	97,2	97,2	91,7	94,4	94,4	94,4	94,4	91,7	94,4	94,4	94,4	94,4	97,2	97,2	94,4	91,7	97,2	100,0	94,4	97,2	94,4	91,7	94,4	94,4	97,2	97,2	94,4	91,7	91,7	91,7	94,4	97,2	94,4	91,7	94,4	94,4	88,9	91,7	97,2	94,4	91,7	97,2	94,4	91,7	94,4	94,4	94,4	94,4	94,4	91,7	94,4	88,9	91,7	91,7	94,4	91,7	91,7	94,4	94,4	97,2	91,7	88,9	94,4	88,9	94,4	91,7	100,0	94,4	97,2	94,4	97,2	97,2	97,2	97,2	100,
