Date	Heure début	Heure fin	ID Programme	ID Lot	Utilisateur	ID Variété	ID Sous variété	Code variété	Masse totale mesurée	Nb mesures	Nb graines	PMG	Masse Surfacique (gr/mm2)	Masse ext.	PMG ext.	Classifieur	Masse analysée	%Clas. NI (nb)	%Clas. NI (masse)	Masse Clas. NI	Nb Clas. NI	PMG Clas. NI	%Clas. C1 (nb)	%Clas. C1 (masse)	Masse Clas. C1	Nb Clas. C1	PMG Clas. C1	%Clas. C2 (nb)	%Clas. C2 (masse)	Masse Clas. C2	Nb Clas. C2	PMG Clas. C2	%Clas. C3 (nb)	%Clas. C3 (masse)	Masse Clas. C3	Nb Clas. C3	PMG Clas. C3	%Clas. C4 (nb)	%Clas. C4 (masse)	Masse Clas. C4	Nb Clas. C4	PMG Clas. C4	Dossier Mesure
22/11/2022	11:16:00	11:16:00	Blé dur - Métrologie complète + classification cassés	346_348_350	Mecarnot	Blé dur	Standard	0101	1,810	1	36	50,278	0,002700429	0,000	0,000	Graines entiers et cassés_test	1,810	0,0	0,0	0,000	0	0,000	100,0	100,0	1,810	36	50,278	0,0	0,0	0,000	0	0,000	0,0	0,0	0,000	0	0,000	0,0	0,0	0,000	0	0,000	2022-11-22_111600_0101_Mecarnot_346_348_350



Mesure	Longueur (mm)	Longueur intérieure (mm)	Largeur (mm)	Périmètre (mm)	Périmètre de Crofton (mm)	Périmètre convexe (mm)	Dimètre Eq. (mm)	Surface (mm2)	Surface convexe (mm2)	Surface DiffCAP (mm2)	Surface DiffCEN (mm2)	Surface DiffEAP (mm2)	Finesse	Excentricité	F. Feret	Compacité	Circularité	Rugosité	Index de courbure	Moment inertie 1	Moment inertie 2	Moment inertie 3	Symétrie	Moyenne ndg	Ecart type ndg	Minimum ndg	Maximum ndg	Histo. Kurtose	Histo. Moyenne	Histo. Pic	Histo. Assymétrie	Histo. Ecart type	Histo. Variance	Cooc. Contraste	Cooc. Corrélation	Cooc. Variance globale	Cooc. Homogénéïté	Cooc. Somme des moyennes	Cooc. Somme des variances	Cooc. Somme des entropies	Cooc. Entropie globale	Cooc. Ecart variance	Cooc. Ecart entropie	Cooc. Corrélation IC1	Cooc. Corrélation IC2	RVB R Moy	RVB R Ect	RVB R Min	RVB R Max	RVB V Moy	RVB V Ect	RVB V Min	RVB V Max	RVB B Moy	RVB B Ect	RVB B Min	RVB B Max	TSI T Moy	TSI T Ect	TSI T Min	TSI T Max	TSI S Moy	TSI S Ect	TSI S Min	TSI S Max	TSI I Moy	TSI I Ect	TSI I Min	TSI I Max	CMJ C Moy	CMJ C Ect	CMJ C Min	CMJ C Max	CMJ M Moy	CMJ M Ect	CMJ M Min	CMJ M Max	CMJ J Moy	CMJ J Ect	CMJ J Min	CMJ J Max	Lab L Moy	Lab L Ect	Lab L Min	Lab L Max	Lab a Moy	Lab a Ect	Lab a Min	Lab a Max	Lab b Moy	Lab b Ect	Lab b Min	Lab b Max	Poids estimé (gr)
Moyenne	7,578474	7,625291	3,149319	21,02379	17,53962	17,60163	4,85985	18,61843	18,67005	10,99187	25,82144	2,024389	2,362283	0,9071307	2,361155	0,0137601	1,321991	0,2828364	0,9820172	60,44451	336,3175	-2,735751	0,9002778	126,7813	9,291629	103,6389	150,0556	0,4155128	126,79	126,5957	0,03997597	9,26018	94,0183	7,869779	187,8616	93,3924	0,4023931	255,641	365,6998	4,113636	5,470994	2,977543	1,71079	-0,4183904	0,9682226	142,3187	9,155419	118,5556	164,0278	127,7584	10,24089	101,8333	153,4167	110,2665	9,262527	88,58334	136,4444	23,31568	3,59056	11,33333	47,19444	33,33518	5,575956	14,5	47,02778	126,7813	9,291629	103,6389	150,0556	112,6814	9,0672	90,97221	136,4444	127,2416	10,07189	101,5833	153,1667	144,7335	9,539845	118,5556	166,4167	54,3098	3,827351	44,31144	63,82776	2,592244	0,7762044	0,9618536	4,448865	11,51779	1,013954	8,705921	11,53874	0,05027777
Ecart type	0,3944276	0,4079212	0,2973545	1,195143	0,9502199	0,9438162	0,3018346	2,315626	2,31884	1,215093	3,058691	0,3264654	0,1756956	0,01349531	0,1769952	0,0007134342	0,05174004	0,0249656	0,007618621	10,49236	35,12708	14,94554	0,02733395	8,462344	2,854322	9,333788	8,611829	1,831289	8,440867	11,62195	0,7221747	2,875302	56,60581	6,596992	162,2098	55,6157	0,1200079	17,31699	218,8866	0,3288014	0,5849397	2,400356	0,3383672	0,06101744	0,01477294	9,026077	2,959729	10,57367	9,479469	9,260045	3,125193	9,979144	9,331473	7,617612	2,684691	7,631714	7,89671	1,918927	1,590678	4,612783	48,8915	4,309758	1,231917	5,335937	4,481358	8,462344	2,854322	9,333788	8,611829	9,026077	3,467077	9,47947	10,57367	9,260043	3,311401	9,331476	9,979145	7,617602	2,671177	7,89671	7,631714	3,52048	1,314642	4,015547	3,419723	0,7810771	0,3170788	1,35254	1,153403	1,73711	0,5761458	2,286793	2,086627	0,006253183
Mini	6,71589	6,810768	2,639	18,906	15,68875	15,8355	4,333463	14,74673	14,84174	8,567646	19,81005	1,578448	2,010686	0,8719043	2,	0,01204819	1,237049	0,2383423	0,9665216	41,63019	266,4475	-32,97651	0,85	110,9498	3,990541	82,	135,	-1,057407	110,972	105,0117	-2,04731	3,918451	15,35426	1,387652	32,05449	15,67235	0,1939754	223,1084	61,29496	3,217736	3,956969	0,7270843	1,130965	-0,5217473	0,9221015	125,0608	4,027562	97,	150,	110,205	4,443748	78,	137,	94,83665	4,638418	72,	121,	19,39303	2,018385	0,	28,	22,51481	3,424908	2,	38,	110,9498	3,990541	82,	135,	92,77787	4,168871	71,99999	115,	106,6473	5,278603	79,99999	134,	129,0889	5,287707	97,99999	153,	47,5402	1,853107	34,91917	57,80455	1,082094	0,1804442	-1,668376	1,925235	6,799695	0,2372967	4,397041	7,916761	0,0398225
Maxi	8,632	8,645379	3,7555	23,6325	19,71325	19,76427	5,454156	23,36043	23,26542	14,08502	34,25283	2,798455	2,740741	0,9291773	2,740741	0,01548566	1,424673	0,361961	0,9971743	85,23627	427,3672	28,04887	0,96	145,3856	15,84656	122,	168,	8,149239	145,4153	158,0898	1,832855	15,86116	251,5765	30,9352	801,3455	243,4896	0,6565958	293,8766	958,8674	4,704107	6,485027	10,96009	2,465635	-0,2989472	0,9900722	162,2221	16,29343	140,	183,	148,3527	17,30749	121,	175,	125,9112	16,67754	102,	157,	27,59702	9,88354	19,	251,	42,48718	8,502551	24,	58,	145,3856	15,84656	122,	168,	129,9392	19,40738	105,	158,	144,795	19,01071	118,	177,	160,1633	17,28474	134,	183,	62,03618	7,461227	52,05111	71,46349	3,97759	1,456833	3,941925	6,920919	14,76918	2,308054	13,68184	16,96783	0,06308319
% à 2,00 x écart type	94,4	94,4	91,7	97,2	97,2	97,2	100,0	97,2	100,0	94,4	94,4	91,7	94,4	94,4	94,4	94,4	100,0	97,2	97,2	97,2	94,4	94,4	97,2	94,4	94,4	97,2	97,2	94,4	94,4	94,4	94,4	94,4	94,4	94,4	94,4	94,4	94,4	94,4	94,4	94,4	94,4	94,4	97,2	100,0	97,2	94,4	97,2	94,4	91,7	94,4	94,4	97,2	97,2	94,4	97,2	94,4	97,2	94,4	94,4	91,7	94,4	88,9	94,4	97,2	91,7	94,4	94,4	97,2	97,2	94,4	91,7	91,7	94,4	94,4	91,7	97,2	97,2	94,4	94,4	97,2	94,4	94,4	91,7	97,2	97,2	100,0	97,2	94,4	94,4	97,2	97,2	97,2	97,2	97,22222
