Date	Heure début	Heure fin	ID Programme	ID Lot	Utilisateur	ID Variété	ID Sous variété	Code variété	Masse totale mesurée	Nb mesures	Nb graines	PMG	Masse Surfacique (gr/mm2)	Masse ext.	PMG ext.	Classifieur	Masse analysée	%Clas. NI (nb)	%Clas. NI (masse)	Masse Clas. NI	Nb Clas. NI	PMG Clas. NI	%Clas. C1 (nb)	%Clas. C1 (masse)	Masse Clas. C1	Nb Clas. C1	PMG Clas. C1	%Clas. C2 (nb)	%Clas. C2 (masse)	Masse Clas. C2	Nb Clas. C2	PMG Clas. C2	%Clas. C3 (nb)	%Clas. C3 (masse)	Masse Clas. C3	Nb Clas. C3	PMG Clas. C3	%Clas. C4 (nb)	%Clas. C4 (masse)	Masse Clas. C4	Nb Clas. C4	PMG Clas. C4	Dossier Mesure
22/11/2022	08:04:52	08:04:52	Blé dur - Métrologie complète + classification cassés	130_131_140	Mecarnot	Blé dur	Standard	0101	1,860	1	35	51,667	0,002780589	0,000	0,000	Graines entiers et cassés_test	1,788	0,0	0,0	0,000	0	0,000	100,0	100,0	1,788	35	51,097	0,0	0,0	0,000	0	0,000	0,0	0,0	0,000	0	0,000	0,0	0,0	0,000	0	0,000	2022-11-22_080452_0101_Mecarnot_130_131_140



Mesure	Longueur (mm)	Longueur intérieure (mm)	Largeur (mm)	Périmètre (mm)	Périmètre de Crofton (mm)	Périmètre convexe (mm)	Dimètre Eq. (mm)	Surface (mm2)	Surface convexe (mm2)	Surface DiffCAP (mm2)	Surface DiffCEN (mm2)	Surface DiffEAP (mm2)	Finesse	Excentricité	F. Feret	Compacité	Circularité	Rugosité	Index de courbure	Moment inertie 1	Moment inertie 2	Moment inertie 3	Symétrie	Moyenne ndg	Ecart type ndg	Minimum ndg	Maximum ndg	Histo. Kurtose	Histo. Moyenne	Histo. Pic	Histo. Assymétrie	Histo. Ecart type	Histo. Variance	Cooc. Contraste	Cooc. Corrélation	Cooc. Variance globale	Cooc. Homogénéïté	Cooc. Somme des moyennes	Cooc. Somme des variances	Cooc. Somme des entropies	Cooc. Entropie globale	Cooc. Ecart variance	Cooc. Ecart entropie	Cooc. Corrélation IC1	Cooc. Corrélation IC2	RVB R Moy	RVB R Ect	RVB R Min	RVB R Max	RVB V Moy	RVB V Ect	RVB V Min	RVB V Max	RVB B Moy	RVB B Ect	RVB B Min	RVB B Max	TSI T Moy	TSI T Ect	TSI T Min	TSI T Max	TSI S Moy	TSI S Ect	TSI S Min	TSI S Max	TSI I Moy	TSI I Ect	TSI I Min	TSI I Max	CMJ C Moy	CMJ C Ect	CMJ C Min	CMJ C Max	CMJ M Moy	CMJ M Ect	CMJ M Min	CMJ M Max	CMJ J Moy	CMJ J Ect	CMJ J Min	CMJ J Max	Lab L Moy	Lab L Ect	Lab L Min	Lab L Max	Lab a Moy	Lab a Ect	Lab a Min	Lab a Max	Lab b Moy	Lab b Ect	Lab b Min	Lab b Max	Poids estimé (gr)
Moyenne	7,371608	7,468521	3,2596	20,78486	17,26785	17,28266	4,831806	18,37649	18,44103	10,01742	23,65577	1,853406	2,220334	0,8951112	2,217146	0,01413981	1,296335	0,2702612	0,9751256	62,80534	314,0945	3,694643	0,9137142	130,6998	9,231589	108,5143	153,5714	-0,01003342	130,701	129,5315	0,1242587	9,23653	97,0062	6,569233	223,9706	96,26704	0,4042181	263,5218	378,4989	4,103673	5,450889	2,478738	1,686599	-0,4182234	0,9681237	147,7411	9,085556	125,1714	169,5143	132,472	10,22581	107,2571	157,8	111,8834	9,173283	90,45715	135,6857	24,68134	3,007982	13,4	34,48571	36,85421	5,572817	18,91429	50,34286	130,6998	9,231589	108,5143	153,5714	107,2589	8,41791	85,48572	129,8286	122,528	9,637511	97,2	147,7429	143,1166	8,774343	119,3143	164,5429	56,14614	3,597529	46,52845	65,45816	2,356383	0,8332815	0,5780013	4,300263	13,22354	0,8863393	11,00008	14,10598	0,05109745
Ecart type	0,3464413	0,3389391	0,2731855	0,9801947	0,7430642	0,7167161	0,2340484	1,760841	1,772181	1,110057	3,091847	0,2274442	0,186645	0,01944394	0,1890261	0,0006738813	0,06476472	0,01832659	0,008198929	10,08329	27,44039	13,13487	0,02306336	6,71961	3,420921	9,969585	8,425424	1,194942	6,721765	8,969206	0,5400426	3,419466	75,08262	3,794515	187,7221	74,87828	0,1047735	13,82061	298,0543	0,3440655	0,5435828	1,358237	0,2590295	0,05256345	0,01412257	6,851995	3,911331	11,55975	10,2438	7,345232	3,744681	10,77124	9,11451	6,280786	2,650162	7,5227	7,166475	1,443793	0,6231118	3,735543	3,280866	2,790947	0,9551837	3,008288	3,277132	6,71961	3,420921	9,969585	8,425424	6,851996	3,87722	10,2438	11,55975	7,345233	3,322252	9,114513	10,77124	6,280787	2,376791	7,166475	7,5227	2,759672	1,39369	4,383218	3,432432	0,7214406	0,3800157	0,7795638	1,558926	1,063294	0,5895908	2,284845	1,896498	0,004896175
Mini	6,656	6,725287	2,7405	18,906	15,85994	15,96633	4,382813	15,08452	15,1373	7,830965	18,19957	1,507691	1,816371	0,8437322	1,815789	0,01298701	1,18009	0,2394132	0,958733	44,13205	262,1774	-29,22121	0,86	115,7662	4,088427	64,	136,	-1,457517	115,7711	110,1855	-1,779056	4,105063	16,85155	1,544734	15,25646	17,03568	0,2517663	233,1996	66,59798	3,371537	4,176223	0,7115349	1,172359	-0,5334131	0,938142	133,1479	3,831828	71,	152,	116,7842	4,700451	62,	141,	97,37363	4,190179	59,	115,	21,879	1,904306	3,	30,	29,66694	3,620313	12,	45,	115,7662	4,088427	64,	136,	93,50037	4,526192	67,99999	116,	108,3051	5,266528	78,99999	136,	130,8389	3,440089	105,	154,	50,14581	1,944089	27,0195	59,30193	0,3140636	0,3029749	-1,093898	2,140507	10,42873	0,1488902	3,261399	10,34955	0,04194384
Maxi	8,008	8,059412	3,857	22,194	18,38289	18,27739	5,187629	21,13311	21,21756	12,48607	29,6465	2,625252	2,703704	0,9312344	2,703704	0,015625	1,444644	0,3036821	0,9897194	86,13	360,0776	38,37601	0,96	144,1173	19,00155	120,	171,	3,960566	144,1124	154,0723	1,517837	19,00912	361,3466	16,15985	777,2664	359,6413	0,6266853	290,6107	1429,072	4,644687	6,146991	6,982003	2,152736	-0,3329027	0,9927053	161,4996	19,48787	139,	187,	146,6949	20,7276	119,	176,	124,1611	17,10334	101,	150,	28,84737	4,312879	18,	41,	41,68613	7,960583	25,	56,	144,1173	19,00155	120,	171,	121,8521	28,11165	103,	184,	138,2158	25,83831	114,	193,	157,6264	19,68308	140,	196,	61,53416	10,62865	51,30908	72,10633	3,751826	2,406885	1,887921	9,992323	14,99886	3,460561	15,40582	17,63982	0,05876248
% à 2,00 x écart type	97,1	97,1	97,1	100,0	100,0	100,0	100,0	100,0	100,0	97,1	100,0	94,3	94,3	97,1	94,3	97,1	97,1	100,0	100,0	97,1	100,0	94,3	94,3	97,1	94,3	97,1	94,3	94,3	97,1	94,3	94,3	94,3	94,3	94,3	94,3	94,3	97,1	97,1	94,3	94,3	94,3	97,1	100,0	94,3	97,1	94,3	94,3	97,1	100,0	97,1	94,3	97,1	100,0	97,1	97,1	97,1	97,1	97,1	97,1	91,4	100,0	97,1	94,3	94,3	100,0	97,1	94,3	97,1	94,3	94,3	97,1	100,0	97,1	97,1	97,1	100,0	97,1	97,1	94,3	97,1	97,1	97,1	97,1	97,1	100,0	97,1	97,1	97,1	94,3	97,1	94,3	94,3	100,0	100,
