Date	Heure début	Heure fin	ID Programme	ID Lot	Utilisateur	ID Variété	ID Sous variété	Code variété	Masse totale mesurée	Nb mesures	Nb graines	PMG	Masse Surfacique (gr/mm2)	Masse ext.	PMG ext.	Classifieur	Masse analysée	%Clas. NI (nb)	%Clas. NI (masse)	Masse Clas. NI	Nb Clas. NI	PMG Clas. NI	%Clas. C1 (nb)	%Clas. C1 (masse)	Masse Clas. C1	Nb Clas. C1	PMG Clas. C1	%Clas. C2 (nb)	%Clas. C2 (masse)	Masse Clas. C2	Nb Clas. C2	PMG Clas. C2	%Clas. C3 (nb)	%Clas. C3 (masse)	Masse Clas. C3	Nb Clas. C3	PMG Clas. C3	%Clas. C4 (nb)	%Clas. C4 (masse)	Masse Clas. C4	Nb Clas. C4	PMG Clas. C4	Dossier Mesure
02/11/2022	15:02:30	15:02:30	Blé dur - Métrologie complète + classification cassés	68-59	Mecarnot	Blé dur	Standard	0101	1,580	1	36	43,889	0,002572139	0,000	0,000	Graines entiers et cassés_test	1,580	0,0	0,0	0,000	0	0,000	100,0	100,0	1,580	36	43,889	0,0	0,0	0,000	0	0,000	0,0	0,0	0,000	0	0,000	0,0	0,0	0,000	0	0,000	2022-11-02_150230_0101_Mecarnot_68-59



Mesure	Longueur (mm)	Longueur intérieure (mm)	Largeur (mm)	Périmètre (mm)	Périmètre de Crofton (mm)	Périmètre convexe (mm)	Dimètre Eq. (mm)	Surface (mm2)	Surface convexe (mm2)	Surface DiffCAP (mm2)	Surface DiffCEN (mm2)	Surface DiffEAP (mm2)	Finesse	Excentricité	F. Feret	Compacité	Circularité	Rugosité	Index de courbure	Moment inertie 1	Moment inertie 2	Moment inertie 3	Symétrie	Moyenne ndg	Ecart type ndg	Minimum ndg	Maximum ndg	Histo. Kurtose	Histo. Moyenne	Histo. Pic	Histo. Assymétrie	Histo. Ecart type	Histo. Variance	Cooc. Contraste	Cooc. Corrélation	Cooc. Variance globale	Cooc. Homogénéïté	Cooc. Somme des moyennes	Cooc. Somme des variances	Cooc. Somme des entropies	Cooc. Entropie globale	Cooc. Ecart variance	Cooc. Ecart entropie	Cooc. Corrélation IC1	Cooc. Corrélation IC2	RVB R Moy	RVB R Ect	RVB R Min	RVB R Max	RVB V Moy	RVB V Ect	RVB V Min	RVB V Max	RVB B Moy	RVB B Ect	RVB B Min	RVB B Max	TSI T Moy	TSI T Ect	TSI T Min	TSI T Max	TSI S Moy	TSI S Ect	TSI S Min	TSI S Max	TSI I Moy	TSI I Ect	TSI I Min	TSI I Max	CMJ C Moy	CMJ C Ect	CMJ C Min	CMJ C Max	CMJ M Moy	CMJ M Ect	CMJ M Min	CMJ M Max	CMJ J Moy	CMJ J Ect	CMJ J Min	CMJ J Max	Lab L Moy	Lab L Ect	Lab L Min	Lab L Max	Lab a Moy	Lab a Ect	Lab a Min	Lab a Max	Lab b Moy	Lab b Ect	Lab b Min	Lab b Max	Poids estimé (gr)
Moyenne	7,359092	7,429883	3,070375	20,40729	16,95039	16,95091	4,648392	17,06319	17,18399	10,16342	24,93169	1,902733	2,348257	0,9090511	2,347921	0,01420706	1,34956	0,281126	0,9787004	54,88013	312,3206	0,2979687	0,8969445	127,2182	8,636024	106,4722	149,3889	-0,01344355	127,2209	125,5905	0,1239318	8,632923	78,89088	6,904638	192,3759	78,16519	0,4062841	256,5895	305,7562	4,077846	5,427694	2,584754	1,693298	-0,4154132	0,9676301	143,758	8,491725	122,8333	164,9444	128,0921	9,47266	104,5833	152,5556	109,8007	8,702688	89,94444	133,5278	22,96962	3,488172	12,22222	39,5	35,03411	5,469685	17,02778	47,97222	127,2182	8,636024	106,4722	149,3889	111,2419	8,139063	90,05556	132,1667	126,9079	9,308567	102,4444	150,4167	145,1993	8,285526	121,4722	165,0556	54,52454	3,498732	45,52856	63,60261	2,914319	0,7875066	1,332103	4,834875	12,108	0,7883514	9,989216	12,55064	0,04388889
Ecart type	0,5347248	0,551659	0,2752534	1,525429	1,216185	1,21765	0,3481325	2,54232	2,585238	1,680856	4,258447	0,3623364	0,165647	0,01464595	0,1659043	0,001035396	0,06634306	0,02762912	0,006196741	9,486914	47,4763	15,99017	0,02885014	8,557878	2,087956	10,99365	9,877803	1,207798	8,554464	9,662627	0,492902	2,088898	37,8819	4,607656	116,8197	37,79426	0,1105815	17,4481	148,9372	0,2376741	0,4431046	1,520958	0,2699897	0,05706575	0,01309437	8,965287	2,605934	12,52442	10,63784	9,473881	2,329793	12,12751	10,70162	7,742401	1,668465	8,640811	8,552081	2,118132	2,912008	3,786754	36,25872	4,292142	1,147088	4,400039	4,687372	8,557878	2,087956	10,99365	9,877803	8,965284	2,731044	10,63784	12,52442	9,473882	2,638926	10,70162	12,12751	7,742398	1,976096	8,552083	8,640811	3,578051	1,062057	4,882258	3,934815	0,8426667	0,390185	1,393944	1,504594	1,756477	0,4909716	2,176087	2,221646	0,0065392
Mini	6,344	6,379265	2,436	17,8785	14,90945	14,84775	4,026341	12,73054	12,69887	7,029013	17,12171	1,426952	2,055556	0,8807872	2,055556	0,01204819	1,247201	0,2300215	0,964068	33,64877	229,6518	-33,81656	0,84	107,4655	4,910887	66,	130,	-1,181448	107,4749	112,168	-1,410308	4,892984	23,94129	1,987226	56,11993	23,5112	0,1989992	216,9043	92,05757	3,552584	4,541071	0,9596875	1,268496	-0,5151262	0,9398254	120,6965	4,186791	77,	143,	107,284	5,291496	63,	134,	94,39478	5,684786	58,	117,	18,95366	2,009543	0,	28,	24,60324	3,593295	7,	35,	107,4655	4,910887	66,	130,	88,87994	4,163223	67,99999	112,	100,8672	5,864939	76,99999	128,	123,8729	5,196706	101,	147,	46,22166	2,255157	27,94862	56,26178	0,5404605	0,1673443	-0,8295404	2,686396	8,325988	0,1631091	3,215663	7,870218	0,03274472
Maxi	8,632	8,846108	3,654	23,838	19,85101	19,84303	5,358429	22,54762	22,96986	14,27336	35,29621	3,003498	2,833333	0,9397843	2,833333	0,01639344	1,510177	0,3805428	0,9888734	74,09087	427,6971	43,21495	0,94	150,483	13,8243	127,	172,	6,042286	150,4886	154,8164	1,100888	13,81468	190,8454	20,26618	525,0061	181,5346	0,6067504	303,9141	717,8867	4,51151	6,216532	6,880931	2,230234	-0,3097397	0,9873222	166,1201	15,68859	143,	187,	154,1328	14,76463	127,	178,	131,1271	12,38512	108,	154,	28,63842	20,3607	19,	253,	43,50961	9,007006	26,	54,	150,483	13,8243	127,	172,	134,3035	18,59966	112,	178,	147,716	17,7003	121,	192,	160,6052	13,3336	138,	197,	64,09379	7,329524	54,1341	72,71949	4,187123	1,683344	5,145086	8,462316	15,08254	2,352631	12,9266	17,15962	0,05799561
% à 2,00 x écart type	94,4	94,4	94,4	94,4	94,4	97,2	97,2	97,2	97,2	94,4	94,4	94,4	97,2	97,2	97,2	94,4	94,4	97,2	94,4	94,4	94,4	91,7	100,0	94,4	97,2	94,4	97,2	97,2	94,4	97,2	97,2	97,2	94,4	91,7	94,4	94,4	100,0	94,4	94,4	94,4	97,2	91,7	100,0	100,0	97,2	94,4	97,2	94,4	94,4	94,4	94,4	94,4	97,2	97,2	97,2	94,4	97,2	94,4	97,2	97,2	97,2	97,2	97,2	94,4	94,4	94,4	97,2	94,4	97,2	94,4	97,2	94,4	94,4	94,4	91,7	97,2	94,4	97,2	91,7	97,2	94,4	94,4	94,4	94,4	97,2	94,4	88,9	97,2	91,7	97,2	94,4	94,4	91,7	97,22222
