Date	Heure début	Heure fin	ID Programme	ID Lot	Utilisateur	ID Variété	ID Sous variété	Code variété	Masse totale mesurée	Nb mesures	Nb graines	PMG	Masse Surfacique (gr/mm2)	Masse ext.	PMG ext.	Classifieur	Masse analysée	%Clas. NI (nb)	%Clas. NI (masse)	Masse Clas. NI	Nb Clas. NI	PMG Clas. NI	%Clas. C1 (nb)	%Clas. C1 (masse)	Masse Clas. C1	Nb Clas. C1	PMG Clas. C1	%Clas. C2 (nb)	%Clas. C2 (masse)	Masse Clas. C2	Nb Clas. C2	PMG Clas. C2	%Clas. C3 (nb)	%Clas. C3 (masse)	Masse Clas. C3	Nb Clas. C3	PMG Clas. C3	%Clas. C4 (nb)	%Clas. C4 (masse)	Masse Clas. C4	Nb Clas. C4	PMG Clas. C4	Dossier Mesure
21/11/2022	13:55:49	13:55:49	Blé dur - Métrologie complète + classification cassés	59_70_bis	Mecarnot	Blé dur	Standard	0101	1,790	1	36	49,722	0,002703115	0,000	0,000	Graines entiers et cassés_test	1,790	0,0	0,0	0,000	0	0,000	100,0	100,0	1,790	36	49,722	0,0	0,0	0,000	0	0,000	0,0	0,0	0,000	0	0,000	0,0	0,0	0,000	0	0,000	2022-11-21_135549_0101_Mecarnot_59_70_bis



Mesure	Longueur (mm)	Longueur intérieure (mm)	Largeur (mm)	Périmètre (mm)	Périmètre de Crofton (mm)	Périmètre convexe (mm)	Dimètre Eq. (mm)	Surface (mm2)	Surface convexe (mm2)	Surface DiffCAP (mm2)	Surface DiffCEN (mm2)	Surface DiffEAP (mm2)	Finesse	Excentricité	F. Feret	Compacité	Circularité	Rugosité	Index de courbure	Moment inertie 1	Moment inertie 2	Moment inertie 3	Symétrie	Moyenne ndg	Ecart type ndg	Minimum ndg	Maximum ndg	Histo. Kurtose	Histo. Moyenne	Histo. Pic	Histo. Assymétrie	Histo. Ecart type	Histo. Variance	Cooc. Contraste	Cooc. Corrélation	Cooc. Variance globale	Cooc. Homogénéïté	Cooc. Somme des moyennes	Cooc. Somme des variances	Cooc. Somme des entropies	Cooc. Entropie globale	Cooc. Ecart variance	Cooc. Ecart entropie	Cooc. Corrélation IC1	Cooc. Corrélation IC2	RVB R Moy	RVB R Ect	RVB R Min	RVB R Max	RVB V Moy	RVB V Ect	RVB V Min	RVB V Max	RVB B Moy	RVB B Ect	RVB B Min	RVB B Max	TSI T Moy	TSI T Ect	TSI T Min	TSI T Max	TSI S Moy	TSI S Ect	TSI S Min	TSI S Max	TSI I Moy	TSI I Ect	TSI I Min	TSI I Max	CMJ C Moy	CMJ C Ect	CMJ C Min	CMJ C Max	CMJ M Moy	CMJ M Ect	CMJ M Min	CMJ M Max	CMJ J Moy	CMJ J Ect	CMJ J Min	CMJ J Max	Lab L Moy	Lab L Ect	Lab L Min	Lab L Max	Lab a Moy	Lab a Ect	Lab a Min	Lab a Max	Lab b Moy	Lab b Ect	Lab b Min	Lab b Max	Poids estimé (gr)
Moyenne	7,640136	7,714409	3,183153	21,19504	17,6037	17,61035	4,831724	18,39442	18,48561	10,92927	26,77241	1,965981	2,354391	0,9088587	2,353709	0,01365539	1,347814	0,2727617	0,9784476	59,42137	336,6799	-2,874555	0,9063888	125,928	8,242577	105,3056	147,5556	0,2630681	125,9369	124,6747	0,1224351	8,242893	75,56378	6,304402	268,4778	75,05588	0,4183086	253,9272	293,9191	3,997977	5,323678	2,323874	1,650517	-0,4075713	0,9637292	143,5454	8,017488	122,6111	163,3889	126,9611	9,009143	104,0556	150,9167	107,2786	8,431166	87,22222	130,3889	23,18726	2,706579	13,13889	32,86111	38,05861	5,410213	20,52778	51,80556	125,928	8,242577	105,3056	147,5556	111,4546	8,063907	91,61111	132,3889	128,0389	9,206282	104,0833	150,9444	147,7214	8,485317	124,6111	167,7778	54,1272	3,461535	45,30029	62,94396	3,085327	0,8081258	1,147997	4,616422	13,0292	0,778435	11,17071	13,51346	0,04972222
Ecart type	0,4324469	0,4279222	0,2633277	1,187594	0,9443985	0,9298139	0,2800138	2,095042	2,119512	1,509779	3,908848	0,2735875	0,1883824	0,01801099	0,1877023	0,0007623664	0,07590337	0,02031853	0,00861097	9,204681	40,88864	19,11006	0,02668257	10,95634	2,761781	11,18237	11,9407	1,341379	10,95622	12,18816	0,6571379	2,760162	47,13188	4,418211	248,5636	47,98021	0,1128047	22,30442	189,0031	0,3458525	0,5693808	1,270278	0,2707033	0,04199295	0,0144642	11,0515	3,216499	12,49728	12,63214	11,62656	2,982926	11,60446	12,55737	10,46198	2,226108	9,609344	11,15118	1,558976	0,4948001	2,688998	2,636841	3,97574	1,243906	3,989473	5,368733	10,95634	2,761781	11,18237	11,9407	11,0515	2,836931	12,63214	12,49728	11,62656	2,68732	12,55737	11,60446	10,46198	1,962209	11,15118	9,609344	4,410761	1,047695	4,706256	4,667679	0,7298828	0,2868043	1,025205	1,323062	1,340743	0,5208365	2,188603	2,042226	0,00566314
Mini	6,968	7,000321	2,639	18,7005	15,49393	15,55095	4,118761	13,32167	13,25834	8,329277	20,76851	1,463231	2,	0,8686079	2,	0,01204819	1,205686	0,2299445	0,9629275	39,741	264,65	-54,89095	0,85	107,2547	3,970225	77,	132,	-1,211697	107,2531	104,1211	-1,17647	3,961337	15,69219	1,62237	43,70628	14,35117	0,1770392	215,7683	55,78231	3,261203	4,147777	0,6962568	1,162515	-0,5045931	0,9228274	123,7453	3,015912	88,	147,	106,9867	4,236691	75,	135,	91,00391	4,214644	68,	117,	20,37042	1,934969	8,	29,	29,25954	2,523982	14,	41,	107,2547	3,970225	77,	132,	79,61328	3,946088	55,	113,	93,4771	4,954623	67,99999	130,	114,3359	3,786611	90,99999	149,	46,35728	1,823967	32,97169	56,9416	1,222067	0,2091595	-0,8076651	1,869431	10,11177	0,09655157	6,182714	8,312549	0,03601
Maxi	8,632	8,752865	3,7555	23,427	19,35703	19,33729	5,440584	23,24431	23,28654	15,22027	38,79151	2,630247	2,793103	0,9451673	2,793103	0,01492537	1,538265	0,3180824	0,9934093	83,00079	443,1634	48,49084	0,96	158,8893	13,61444	125,	183,	5,376571	158,8935	152,1523	1,845174	13,61109	185,2617	21,54435	1089,705	192,726	0,5868576	321,413	765,7245	4,459059	6,180744	6,109698	2,253628	-0,2885664	0,9890189	175,3867	13,51628	142,	200,	161,5229	14,74911	125,	187,	140,6641	13,46158	106,	164,	27,23307	3,92736	17,	39,	44,83786	8,076288	31,	61,	158,8893	13,61444	125,	183,	131,2547	15,46224	108,	167,	148,0133	16,67058	120,	180,	163,9961	12,63375	138,	187,	67,00697	6,225771	53,38159	76,37535	4,315393	1,366909	3,501213	8,164718	15,74062	2,096909	16,44463	17,52809	0,06283204
% à 2,00 x écart type	97,2	97,2	91,7	97,2	97,2	97,2	91,7	91,7	91,7	97,2	94,4	94,4	97,2	91,7	97,2	97,2	94,4	94,4	100,0	94,4	97,2	94,4	94,4	94,4	100,0	97,2	91,7	94,4	94,4	91,7	94,4	100,0	97,2	94,4	91,7	97,2	97,2	94,4	97,2	97,2	97,2	94,4	97,2	91,7	97,2	94,4	100,0	94,4	94,4	94,4	100,0	97,2	91,7	94,4	97,2	97,2	91,7	94,4	94,4	100,0	97,2	97,2	91,7	94,4	94,4	94,4	100,0	97,2	91,7	94,4	94,4	94,4	94,4	94,4	94,4	91,7	97,2	94,4	94,4	91,7	97,2	94,4	94,4	97,2	91,7	94,4	97,2	97,2	94,4	94,4	94,4	94,4	97,2	91,66666
