Date	Heure début	Heure fin	ID Programme	ID Lot	Utilisateur	ID Variété	ID Sous variété	Code variété	Masse totale mesurée	Nb mesures	Nb graines	PMG	Masse Surfacique (gr/mm2)	Masse ext.	PMG ext.	Classifieur	Masse analysée	%Clas. NI (nb)	%Clas. NI (masse)	Masse Clas. NI	Nb Clas. NI	PMG Clas. NI	%Clas. C1 (nb)	%Clas. C1 (masse)	Masse Clas. C1	Nb Clas. C1	PMG Clas. C1	%Clas. C2 (nb)	%Clas. C2 (masse)	Masse Clas. C2	Nb Clas. C2	PMG Clas. C2	%Clas. C3 (nb)	%Clas. C3 (masse)	Masse Clas. C3	Nb Clas. C3	PMG Clas. C3	%Clas. C4 (nb)	%Clas. C4 (masse)	Masse Clas. C4	Nb Clas. C4	PMG Clas. C4	Dossier Mesure
22/11/2022	09:37:53	09:37:53	Blé dur - Métrologie complète + classification cassés	235_237_239	Mecarnot	Blé dur	Standard	0101	1,810	1	36	50,278	0,002663143	0,000	0,000	Graines entiers et cassés_test	1,810	0,0	0,0	0,000	0	0,000	100,0	100,0	1,810	36	50,278	0,0	0,0	0,000	0	0,000	0,0	0,0	0,000	0	0,000	0,0	0,0	0,000	0	0,000	2022-11-22_093753_0101_Mecarnot_235_237_239



Mesure	Longueur (mm)	Longueur intérieure (mm)	Largeur (mm)	Périmètre (mm)	Périmètre de Crofton (mm)	Périmètre convexe (mm)	Dimètre Eq. (mm)	Surface (mm2)	Surface convexe (mm2)	Surface DiffCAP (mm2)	Surface DiffCEN (mm2)	Surface DiffEAP (mm2)	Finesse	Excentricité	F. Feret	Compacité	Circularité	Rugosité	Index de courbure	Moment inertie 1	Moment inertie 2	Moment inertie 3	Symétrie	Moyenne ndg	Ecart type ndg	Minimum ndg	Maximum ndg	Histo. Kurtose	Histo. Moyenne	Histo. Pic	Histo. Assymétrie	Histo. Ecart type	Histo. Variance	Cooc. Contraste	Cooc. Corrélation	Cooc. Variance globale	Cooc. Homogénéïté	Cooc. Somme des moyennes	Cooc. Somme des variances	Cooc. Somme des entropies	Cooc. Entropie globale	Cooc. Ecart variance	Cooc. Ecart entropie	Cooc. Corrélation IC1	Cooc. Corrélation IC2	RVB R Moy	RVB R Ect	RVB R Min	RVB R Max	RVB V Moy	RVB V Ect	RVB V Min	RVB V Max	RVB B Moy	RVB B Ect	RVB B Min	RVB B Max	TSI T Moy	TSI T Ect	TSI T Min	TSI T Max	TSI S Moy	TSI S Ect	TSI S Min	TSI S Max	TSI I Moy	TSI I Ect	TSI I Min	TSI I Max	CMJ C Moy	CMJ C Ect	CMJ C Min	CMJ C Max	CMJ M Moy	CMJ M Ect	CMJ M Min	CMJ M Max	CMJ J Moy	CMJ J Ect	CMJ J Min	CMJ J Max	Lab L Moy	Lab L Ect	Lab L Min	Lab L Max	Lab a Moy	Lab a Ect	Lab a Min	Lab a Max	Lab b Moy	Lab b Ect	Lab b Min	Lab b Max	Poids estimé (gr)
Moyenne	7,712293	7,779809	3,183004	21,30921	17,77376	17,83443	4,897404	18,87911	18,96151	11,30223	27,13482	2,392094	2,376524	0,9083775	2,374468	0,01354294	1,335422	0,28309	0,9796143	60,825	346,3569	0,7725103	0,905	116,4298	8,606491	95,	140,0278	0,3215586	116,4317	116,2717	-0,01332698	8,611501	77,69118	8,081656	167,0503	75,89127	0,392735	234,5458	295,4834	4,070868	5,502435	3,027671	1,751915	-0,3899397	0,9591985	131,8982	7,989325	110,2778	152,75	116,6162	9,453038	92,86111	143,0833	100,7721	9,093191	79,88889	126,9722	21,65061	3,625504	9,444445	47,52778	34,48357	6,062982	14,77778	49,75	116,4298	8,606491	95,	140,0278	123,1018	8,625648	102,25	144,7222	138,3838	9,943007	111,9167	162,1389	154,2279	9,108124	128,0278	175,1111	50,03087	3,783246	40,69289	59,82133	3,235414	0,7920342	0,7922319	4,885157	10,90996	0,9098415	8,923988	10,95842	0,05027778
Ecart type	0,5003412	0,5246801	0,2366599	1,137821	0,9943218	1,006035	0,2379763	1,834169	1,857912	1,753914	4,659873	2,010893	0,2211209	0,01753885	0,2226002	0,0008949853	0,07296544	0,0241091	0,008664027	8,569112	47,66319	17,72659	0,02242271	9,104712	1,885746	12,4499	10,17209	1,508721	9,115234	9,74676	0,6543314	1,879684	30,9476	5,543031	161,8456	31,13749	0,1100561	18,23433	121,8141	0,2543217	0,4892128	1,807841	0,3024924	0,07118798	0,02201653	10,13112	1,95558	15,44275	10,73513	9,545967	2,022226	13,30445	10,90457	7,982289	1,966461	9,033203	9,236059	1,150697	1,26256	4,505826	50,02693	3,892255	0,9789548	5,169951	3,861311	9,104712	1,885746	12,4499	10,17209	10,13112	3,083808	10,73514	15,44275	9,545961	2,366465	10,90458	13,30445	7,982283	1,673133	9,236059	9,033203	3,786371	1,030201	5,618129	4,061078	0,4896631	0,2892346	1,515697	0,8186861	1,539041	0,7409128	2,562135	2,252306	0,004884653
Mini	6,76	6,796754	2,5375	18,7005	15,77924	15,78345	4,378211	15,05286	14,93674	8,420074	19,40926	1,56109	1,874543	0,859796	1,874543	0,01234568	1,199033	0,2471221	0,956978	38,71314	266,1121	-50,88707	0,85	98,02982	3,622071	62,	123,	-1,137918	98,01746	98,81445	-1,949574	3,63864	13,2397	1,719029	27,4242	12,14951	0,2021508	197,4122	45,68826	3,297748	4,489896	0,792135	1,228278	-0,5114782	0,8932357	114,3746	3,015369	70,	134,	97,14755	4,051562	58,	124,	82,56116	5,145445	56,	110,	19,20948	2,068673	0,	28,	26,8615	3,609832	1,	42,	98,02982	3,622071	62,	123,	104,5598	2,865031	76,99999	122,	120,237	5,699831	84,99999	144,	137,9902	4,779984	105,	160,	42,45583	1,975616	25,60466	52,54363	2,501919	0,1804908	-2,250516	3,632348	7,831223	0,1020457	3,196738	4,977288	0,04008792
Maxi	8,424	8,568027	3,750142	23,427	19,74668	19,88902	5,487328	23,64544	23,77211	14,07612	33,37804	14,0866	3,08	0,949535	3,08	0,01538462	1,577439	0,3514625	0,994175	88,99892	431,6437	32,32752	0,93	134,0707	12,46671	113,	165,	5,075984	134,0802	133,8184	1,08721	12,47808	155,7024	21,23828	960,9186	155,8309	0,5925889	269,7563	608,8005	4,514492	6,341321	7,706639	2,283516	-0,2720218	0,9871354	150,4402	13,34911	133,	178,	134,763	13,56361	111,	170,	117,0098	12,5867	95,	150,	23,66967	7,730803	16,	252,	41,7164	8,912205	24,	57,	134,0707	12,46671	113,	165,	140,6254	20,22584	121,	185,	157,8524	18,905	131,	197,	172,4388	13,78722	145,	199,	57,14583	7,909497	48,46548	69,76511	4,462943	1,60222	4,327573	7,641293	13,46074	2,898295	13,01364	15,10293	0,06297118
% à 2,00 x écart type	100,0	100,0	94,4	97,2	97,2	94,4	94,4	94,4	94,4	100,0	100,0	97,2	94,4	94,4	94,4	97,2	97,2	91,7	94,4	94,4	100,0	94,4	94,4	97,2	91,7	97,2	97,2	94,4	97,2	100,0	94,4	91,7	91,7	97,2	94,4	91,7	100,0	97,2	91,7	91,7	94,4	94,4	100,0	100,0	94,4	100,0	91,7	97,2	97,2	97,2	91,7	97,2	97,2	94,4	97,2	94,4	97,2	94,4	91,7	91,7	94,4	100,0	91,7	97,2	97,2	97,2	91,7	97,2	97,2	100,0	97,2	97,2	97,2	97,2	97,2	97,2	97,2	94,4	94,4	97,2	94,4	97,2	97,2	97,2	97,2	97,2	94,4	91,7	97,2	97,2	91,7	91,7	94,4	94,44444
