Date	Heure début	Heure fin	ID Programme	ID Lot	Utilisateur	ID Variété	ID Sous variété	Code variété	Masse totale mesurée	Nb mesures	Nb graines	PMG	Masse Surfacique (gr/mm2)	Masse ext.	PMG ext.	Classifieur	Masse analysée	%Clas. NI (nb)	%Clas. NI (masse)	Masse Clas. NI	Nb Clas. NI	PMG Clas. NI	%Clas. C1 (nb)	%Clas. C1 (masse)	Masse Clas. C1	Nb Clas. C1	PMG Clas. C1	%Clas. C2 (nb)	%Clas. C2 (masse)	Masse Clas. C2	Nb Clas. C2	PMG Clas. C2	%Clas. C3 (nb)	%Clas. C3 (masse)	Masse Clas. C3	Nb Clas. C3	PMG Clas. C3	%Clas. C4 (nb)	%Clas. C4 (masse)	Masse Clas. C4	Nb Clas. C4	PMG Clas. C4	Dossier Mesure
21/11/2022	14:05:41	14:05:41	Blé dur - Métrologie complète + classification cassés	72_73_74	Mecarnot	Blé dur	Standard	0101	1,840	1	36	51,111	0,002755386	0,000	0,000	Graines entiers et cassés_test	1,840	0,0	0,0	0,000	0	0,000	94,4	95,9	1,765	34	51,908	5,6	4,1	0,075	2	37,564	0,0	0,0	0,000	0	0,000	0,0	0,0	0,000	0	0,000	2022-11-21_140541_0101_Mecarnot_72_73_74



Mesure	Longueur (mm)	Longueur intérieure (mm)	Largeur (mm)	Périmètre (mm)	Périmètre de Crofton (mm)	Périmètre convexe (mm)	Dimètre Eq. (mm)	Surface (mm2)	Surface convexe (mm2)	Surface DiffCAP (mm2)	Surface DiffCEN (mm2)	Surface DiffEAP (mm2)	Finesse	Excentricité	F. Feret	Compacité	Circularité	Rugosité	Index de courbure	Moment inertie 1	Moment inertie 2	Moment inertie 3	Symétrie	Moyenne ndg	Ecart type ndg	Minimum ndg	Maximum ndg	Histo. Kurtose	Histo. Moyenne	Histo. Pic	Histo. Assymétrie	Histo. Ecart type	Histo. Variance	Cooc. Contraste	Cooc. Corrélation	Cooc. Variance globale	Cooc. Homogénéïté	Cooc. Somme des moyennes	Cooc. Somme des variances	Cooc. Somme des entropies	Cooc. Entropie globale	Cooc. Ecart variance	Cooc. Ecart entropie	Cooc. Corrélation IC1	Cooc. Corrélation IC2	RVB R Moy	RVB R Ect	RVB R Min	RVB R Max	RVB V Moy	RVB V Ect	RVB V Min	RVB V Max	RVB B Moy	RVB B Ect	RVB B Min	RVB B Max	TSI T Moy	TSI T Ect	TSI T Min	TSI T Max	TSI S Moy	TSI S Ect	TSI S Min	TSI S Max	TSI I Moy	TSI I Ect	TSI I Min	TSI I Max	CMJ C Moy	CMJ C Ect	CMJ C Min	CMJ C Max	CMJ M Moy	CMJ M Ect	CMJ M Min	CMJ M Max	CMJ J Moy	CMJ J Ect	CMJ J Min	CMJ J Max	Lab L Moy	Lab L Ect	Lab L Min	Lab L Max	Lab a Moy	Lab a Ect	Lab a Min	Lab a Max	Lab b Moy	Lab b Ect	Lab b Min	Lab b Max	Poids estimé (gr)
Moyenne	7,543947	7,616798	3,201197	21,06946	17,51159	17,53922	4,843608	18,54953	18,65509	10,81249	25,77156	1,95916	2,320854	0,9017467	2,319266	0,01392564	1,327112	0,2816581	0,9787231	63,93272	330,0998	2,692631	0,9002778	128,6021	9,629727	102,5278	149,6944	-0,06078229	128,6009	129,3809	-0,2021626	9,627437	102,3928	6,842151	193,5087	101,5203	0,4154576	259,4969	399,2393	4,146204	5,459461	2,527023	1,659512	-0,4360193	0,9719143	146,4286	9,669264	119,	166,9167	130,0289	10,55664	100,9444	153,4167	109,3495	9,278728	85,86111	132,1111	23,86545	2,769537	13,33333	32,38889	38,35738	5,116389	20,30556	50,63889	128,6021	9,629727	102,5278	149,6944	108,5715	9,496273	88,08334	136,	124,971	10,19549	101,5833	154,0556	145,6505	8,706316	122,8889	169,1389	55,29379	3,932045	44,01062	63,96384	2,822083	0,7527694	1,416997	4,699975	13,48324	1,100015	10,24118	13,92344	0,0511111
Ecart type	0,7608184	0,7763998	0,3343795	1,74136	1,535986	1,56834	0,4011801	3,01708	3,041301	2,51106	6,948944	0,3518439	0,3114034	0,02502591	0,3112563	0,001395867	0,1016917	0,02850009	0,01228997	19,5196	74,1175	21,35587	0,02783744	8,58613	3,115679	12,49552	11,94622	0,973326	8,582913	11,1635	0,48696	3,115327	61,70377	5,693502	208,7932	61,94485	0,1209096	17,59962	244,722	0,3643306	0,58713	1,971894	0,3066627	0,05927606	0,01636747	8,93969	3,702221	15,09047	13,25262	9,011052	3,325348	12,99988	12,38362	8,04458	2,448134	9,764314	10,24906	1,227039	0,5658165	3,543382	2,574207	3,081144	0,97067	5,738851	3,505177	8,58613	3,115679	12,49552	11,94622	8,939687	4,167092	13,25262	15,09047	9,011053	3,4905	12,38363	12,99988	8,044585	2,246911	10,24906	9,764314	3,466562	1,477924	5,494421	4,668318	0,5694274	0,2826506	0,9970376	1,147996	1,123422	0,577439	2,172629	1,833585	0,008313219
Mini	6,136	6,206306	2,5375	17,262	14,41546	14,50317	4,09421	13,16333	13,23722	6,863542	14,47719	0,949627	1,806282	0,8452226	1,794118	0,01111111	1,171668	0,2273407	0,9270488	37,53608	143,3676	-37,32259	0,84	109,0412	3,572483	64,	127,	-1,160086	109,049	108,1035	-1,409448	3,602686	12,97935	1,109356	24,88246	12,07838	0,1863893	219,691	46,59705	3,219663	4,046673	0,5065161	1,037225	-0,5430097	0,9282719	124,762	3,236871	73,	142,	109,1976	3,918364	61,	129,	93,17391	4,412541	55,	114,	20,64919	1,722866	4,	28,	32,7669	3,174238	10,	41,	109,0412	3,572483	64,	127,	91,25104	2,943095	53,	115,	107,5162	3,786359	69,99999	135,	130,2924	4,98645	97,99999	156,	47,12495	1,420409	26,81947	54,7747	1,32833	0,1399639	-0,76581	2,424251	11,19683	0,2595574	5,633241	9,710302	0,03627005
Maxi	9,360001	9,343146	3,9585	24,249	20,35479	20,47419	5,544597	24,14157	24,33158	17,3072	47,15115	2,730833	3,333333	0,9517074	3,333333	0,01694915	1,610085	0,3507217	0,9954888	153,2023	489,0694	94,01638	0,95	145,3181	17,13116	120,	181,	3,5229	145,3116	153,8066	0,6861626	17,12747	293,3504	22,98815	1047,783	290,9668	0,6450793	294,4497	1153,028	4,814258	6,49321	10,04953	2,309151	-0,3131401	0,9915562	163,749	17,85407	140,	202,	147,4838	18,047	120,	185,	124,7075	15,71387	99,	157,	27,09375	4,218747	18,	42,	45,66802	7,028078	32,	59,	145,3181	17,13116	120,	181,	130,238	19,55816	113,	182,	145,8024	18,65023	126,	194,	161,8261	14,38238	141,	200,	61,96127	7,490522	51,73444	75,87785	3,912071	1,41377	3,28483	7,139425	15,58504	2,536164	14,61361	17,57041	0,06651933
% à 2,00 x écart type	97,2	97,2	97,2	97,2	97,2	100,0	100,0	100,0	100,0	97,2	97,2	94,4	97,2	97,2	97,2	94,4	94,4	94,4	97,2	97,2	94,4	97,2	97,2	97,2	97,2	91,7	97,2	94,4	97,2	94,4	97,2	97,2	97,2	91,7	94,4	97,2	100,0	97,2	97,2	94,4	94,4	91,7	88,9	97,2	94,4	97,2	97,2	94,4	97,2	97,2	97,2	91,7	97,2	97,2	97,2	91,7	97,2	94,4	97,2	91,7	94,4	97,2	97,2	97,2	94,4	97,2	97,2	91,7	97,2	97,2	94,4	97,2	94,4	97,2	94,4	97,2	91,7	97,2	97,2	97,2	91,7	97,2	94,4	91,7	97,2	97,2	94,4	97,2	94,4	94,4	94,4	91,7	97,2	100,
