Date	Heure début	Heure fin	ID Programme	ID Lot	Utilisateur	ID Variété	ID Sous variété	Code variété	Masse totale mesurée	Nb mesures	Nb graines	PMG	Masse Surfacique (gr/mm2)	Masse ext.	PMG ext.	Classifieur	Masse analysée	%Clas. NI (nb)	%Clas. NI (masse)	Masse Clas. NI	Nb Clas. NI	PMG Clas. NI	%Clas. C1 (nb)	%Clas. C1 (masse)	Masse Clas. C1	Nb Clas. C1	PMG Clas. C1	%Clas. C2 (nb)	%Clas. C2 (masse)	Masse Clas. C2	Nb Clas. C2	PMG Clas. C2	%Clas. C3 (nb)	%Clas. C3 (masse)	Masse Clas. C3	Nb Clas. C3	PMG Clas. C3	%Clas. C4 (nb)	%Clas. C4 (masse)	Masse Clas. C4	Nb Clas. C4	PMG Clas. C4	Dossier Mesure
02/11/2022	14:19:09	14:19:09	Blé dur - Métrologie complète + classification cassés	JRL_1	Mecarnot	Blé dur	Standard	0101	1,680	1	36	46,667	0,002632382	0,000	0,000	Graines entiers et cassés_test	1,680	0,0	0,0	0,000	0	0,000	91,7	94,5	1,587	33	48,098	8,3	5,5	0,093	3	30,918	0,0	0,0	0,000	0	0,000	0,0	0,0	0,000	0	0,000	2022-11-02_141909_0101_Mecarnot_JRL_1



Mesure	Longueur (mm)	Longueur intérieure (mm)	Largeur (mm)	Périmètre (mm)	Périmètre de Crofton (mm)	Périmètre convexe (mm)	Dimètre Eq. (mm)	Surface (mm2)	Surface convexe (mm2)	Surface DiffCAP (mm2)	Surface DiffCEN (mm2)	Surface DiffEAP (mm2)	Finesse	Excentricité	F. Feret	Compacité	Circularité	Rugosité	Index de courbure	Moment inertie 1	Moment inertie 2	Moment inertie 3	Symétrie	Moyenne ndg	Ecart type ndg	Minimum ndg	Maximum ndg	Histo. Kurtose	Histo. Moyenne	Histo. Pic	Histo. Assymétrie	Histo. Ecart type	Histo. Variance	Cooc. Contraste	Cooc. Corrélation	Cooc. Variance globale	Cooc. Homogénéïté	Cooc. Somme des moyennes	Cooc. Somme des variances	Cooc. Somme des entropies	Cooc. Entropie globale	Cooc. Ecart variance	Cooc. Ecart entropie	Cooc. Corrélation IC1	Cooc. Corrélation IC2	RVB R Moy	RVB R Ect	RVB R Min	RVB R Max	RVB V Moy	RVB V Ect	RVB V Min	RVB V Max	RVB B Moy	RVB B Ect	RVB B Min	RVB B Max	TSI T Moy	TSI T Ect	TSI T Min	TSI T Max	TSI S Moy	TSI S Ect	TSI S Min	TSI S Max	TSI I Moy	TSI I Ect	TSI I Min	TSI I Max	CMJ C Moy	CMJ C Ect	CMJ C Min	CMJ C Max	CMJ M Moy	CMJ M Ect	CMJ M Min	CMJ M Max	CMJ J Moy	CMJ J Ect	CMJ J Min	CMJ J Max	Lab L Moy	Lab L Ect	Lab L Min	Lab L Max	Lab a Moy	Lab a Ect	Lab a Min	Lab a Max	Lab b Moy	Lab b Ect	Lab b Min	Lab b Max	Poids estimé (gr)
Moyenne	7,559322	7,612513	3,053458	20,80116	17,33173	17,33787	4,732328	17,72792	17,79214	10,74975	26,7118	1,920193	2,424044	0,9132287	2,423352	0,01387875	1,361507	0,285494	0,9810274	55,4688	331,4748	-2,031363	0,9005556	128,8879	8,921296	107,3333	151,3056	0,01044934	128,8865	126,6328	0,2218804	8,919882	86,4185	6,91857	200,0415	85,69337	0,398285	259,8308	335,8549	4,087073	5,449408	2,551975	1,701101	-0,4123145	0,9661834	146,6651	8,517873	124,9722	168,0833	130,0378	9,873136	105,6667	155,0833	109,9645	9,12508	89,08334	133,8056	23,38824	2,947808	12,80556	33,36111	37,6764	5,700037	18,83333	50,83333	128,8879	8,921296	107,3333	151,3056	108,3348	8,330333	86,91666	130,0278	124,9622	9,586082	99,91666	149,3333	145,0355	8,692243	121,1944	165,9167	55,33422	3,586879	46,04262	64,56643	3,011123	0,8430592	1,224752	4,945618	13,18696	0,8242388	11,03463	13,99656	0,04666666
Ecart type	0,6840357	0,682904	0,3095103	1,834286	1,493455	1,51279	0,4246209	3,107296	3,094821	1,928312	5,06191	0,3584888	0,164558	0,01345014	0,165531	0,001346767	0,06730936	0,02921126	0,007295769	11,35613	57,60849	13,98385	0,02537983	8,236522	2,619307	9,513149	8,659675	1,179392	8,235973	8,965958	0,5359506	2,618057	49,62158	4,488407	137,3941	50,83009	0,09979826	16,82892	201,2094	0,315027	0,5012597	1,435996	0,2609157	0,05629801	0,01613136	8,290649	3,099877	10,45224	10,11153	8,936354	2,947299	10,0111	9,39969	7,808499	2,073787	8,597076	7,467781	1,557417	0,5941588	3,462654	3,945129	3,564333	1,422051	5,161288	4,844814	8,236522	2,619307	9,513149	8,659675	8,290648	2,372432	10,11153	10,45224	8,936357	2,27957	9,399693	10,0111	7,808498	1,712467	7,467781	8,597076	3,366651	0,9020041	4,019195	3,493124	0,7539076	0,3458038	1,260855	1,368493	1,314866	0,449381	2,083992	2,235568	0,00817959
Mini	5,860332	5,918446	2,233	16,029	13,70301	13,74401	3,675529	10,60878	10,58767	6,052444	14,40343	1,403484	2,087013	0,8830788	2,074074	0,01176471	1,253725	0,2381482	0,9559569	29,99478	196,7425	-31,87542	0,86	109,8604	4,517745	79,	135,	-1,257035	109,8647	105,8379	-0,686657	4,520489	20,43482	2,176413	55,96553	19,78439	0,2263482	220,8207	76,5302	3,310458	4,238338	0,9094132	1,321334	-0,4978235	0,925729	127,9462	3,448341	92,	150,	108,717	4,952347	75,	137,	92,9	5,165197	70,	116,	18,95566	2,013346	2,	28,	28,77702	3,231866	7,	38,	109,8604	4,517745	79,	135,	88,1465	3,830559	65,99999	115,	103,4603	5,773405	79,99999	134,	127,4527	5,202026	106,	152,	47,30151	2,068261	33,45599	57,8759	1,712632	0,1288532	-1,027038	1,652046	10,25281	0,1611277	5,66053	8,161696	0,02792636
Maxi	8,84	8,90904	3,9585	24,4545	19,92192	19,93575	5,574819	24,40547	24,59548	15,73859	38,78727	2,998938	2,84	0,9452976	2,84	0,01774644	1,604905	0,3438225	0,992036	88,2407	459,2175	28,88494	0,95	148,6446	14,52359	121,	170,	4,254494	148,6447	144,9395	1,95769	14,52705	211,035	17,68543	623,6987	213,2744	0,5853432	300,496	839,9713	4,593692	6,244177	5,846492	2,183547	-0,2898231	0,9899101	166,8535	15,19444	140,	189,	151,5397	16,12289	121,	175,	127,5473	14,1292	103,	149,	26,15763	5,437715	17,	45,	44,3009	9,578525	27,	61,	148,6446	14,52359	121,	170,	127,0538	15,04714	105,	163,	146,283	15,4903	118,	180,	162,1	13,10567	139,	185,	63,38707	6,068816	52,09566	71,99306	4,962542	1,742554	4,491441	8,204274	15,32663	1,997475	14,73114	17,56037	0,06424452
% à 2,00 x écart type	94,4	94,4	94,4	94,4	94,4	94,4	97,2	94,4	94,4	94,4	94,4	91,7	94,4	91,7	94,4	94,4	97,2	100,0	97,2	94,4	91,7	94,4	100,0	94,4	97,2	97,2	97,2	94,4	94,4	94,4	94,4	97,2	97,2	91,7	94,4	97,2	100,0	94,4	97,2	97,2	97,2	94,4	100,0	97,2	97,2	94,4	94,4	94,4	97,2	94,4	97,2	97,2	97,2	94,4	97,2	97,2	91,7	97,2	97,2	94,4	91,7	97,2	97,2	97,2	94,4	94,4	97,2	97,2	97,2	94,4	94,4	97,2	94,4	94,4	94,4	97,2	97,2	94,4	94,4	91,7	97,2	94,4	94,4	94,4	97,2	97,2	88,9	91,7	94,4	94,4	91,7	97,2	94,4	94,44444
