Date	Heure début	Heure fin	ID Programme	ID Lot	Utilisateur	ID Variété	ID Sous variété	Code variété	Masse totale mesurée	Nb mesures	Nb graines	PMG	Masse Surfacique (gr/mm2)	Masse ext.	PMG ext.	Classifieur	Masse analysée	%Clas. NI (nb)	%Clas. NI (masse)	Masse Clas. NI	Nb Clas. NI	PMG Clas. NI	%Clas. C1 (nb)	%Clas. C1 (masse)	Masse Clas. C1	Nb Clas. C1	PMG Clas. C1	%Clas. C2 (nb)	%Clas. C2 (masse)	Masse Clas. C2	Nb Clas. C2	PMG Clas. C2	%Clas. C3 (nb)	%Clas. C3 (masse)	Masse Clas. C3	Nb Clas. C3	PMG Clas. C3	%Clas. C4 (nb)	%Clas. C4 (masse)	Masse Clas. C4	Nb Clas. C4	PMG Clas. C4	Dossier Mesure
21/11/2022	14:39:30	14:39:30	Blé dur - Métrologie complète + classification cassés	92_94_95	Mecarnot	Blé dur	Standard	0101	1,760	1	36	48,889	0,002606375	0,000	0,000	Graines entiers et cassés_test	1,760	0,0	0,0	0,000	0	0,000	100,0	100,0	1,760	36	48,889	0,0	0,0	0,000	0	0,000	0,0	0,0	0,000	0	0,000	0,0	0,0	0,000	0	0,000	2022-11-21_143930_0101_Mecarnot_92_94_95



Mesure	Longueur (mm)	Longueur intérieure (mm)	Largeur (mm)	Périmètre (mm)	Périmètre de Crofton (mm)	Périmètre convexe (mm)	Dimètre Eq. (mm)	Surface (mm2)	Surface convexe (mm2)	Surface DiffCAP (mm2)	Surface DiffCEN (mm2)	Surface DiffEAP (mm2)	Finesse	Excentricité	F. Feret	Compacité	Circularité	Rugosité	Index de courbure	Moment inertie 1	Moment inertie 2	Moment inertie 3	Symétrie	Moyenne ndg	Ecart type ndg	Minimum ndg	Maximum ndg	Histo. Kurtose	Histo. Moyenne	Histo. Pic	Histo. Assymétrie	Histo. Ecart type	Histo. Variance	Cooc. Contraste	Cooc. Corrélation	Cooc. Variance globale	Cooc. Homogénéïté	Cooc. Somme des moyennes	Cooc. Somme des variances	Cooc. Somme des entropies	Cooc. Entropie globale	Cooc. Ecart variance	Cooc. Ecart entropie	Cooc. Corrélation IC1	Cooc. Corrélation IC2	RVB R Moy	RVB R Ect	RVB R Min	RVB R Max	RVB V Moy	RVB V Ect	RVB V Min	RVB V Max	RVB B Moy	RVB B Ect	RVB B Min	RVB B Max	TSI T Moy	TSI T Ect	TSI T Min	TSI T Max	TSI S Moy	TSI S Ect	TSI S Min	TSI S Max	TSI I Moy	TSI I Ect	TSI I Min	TSI I Max	CMJ C Moy	CMJ C Ect	CMJ C Min	CMJ C Max	CMJ M Moy	CMJ M Ect	CMJ M Min	CMJ M Max	CMJ J Moy	CMJ J Ect	CMJ J Min	CMJ J Max	Lab L Moy	Lab L Ect	Lab L Min	Lab L Max	Lab a Moy	Lab a Ect	Lab a Min	Lab a Max	Lab b Moy	Lab b Ect	Lab b Min	Lab b Max	Poids estimé (gr)
Moyenne	7,694939	7,756271	3,202415	21,372	17,79366	17,80633	4,878364	18,75743	18,86211	11,23498	27,33452	2,0151	2,372715	0,9042729	2,369923	0,01365867	1,351384	0,2882893	0,9800912	61,9559	345,6947	5,362046	0,8975002	125,306	8,55726	103,8611	146,8056	0,1082283	125,343	125,9718	-0,03369101	8,559803	79,51617	5,560135	196,2823	78,77597	0,4339164	252,8116	309,5437	4,062102	5,358984	2,211696	1,629741	-0,4254997	0,9685346	142,4242	8,516766	120,3056	163,1111	126,1426	9,370787	102,0556	150,25	107,347	8,470623	87,05556	130,0278	22,85881	2,789223	12,75	32,55556	36,7212	5,272244	20,08333	49,86111	125,306	8,55726	103,8611	146,8056	112,5757	8,521766	91,88889	134,6944	128,8574	9,484496	104,75	152,9444	147,6531	8,350715	124,9722	167,9444	53,80727	3,581485	44,52618	62,73276	3,102098	0,7730443	1,350258	4,792661	12,51277	0,8487303	10,32192	13,22014	0,04888889
Ecart type	0,7623851	0,7590877	0,3071946	1,542391	1,345158	1,329446	0,2962977	2,305042	2,347099	2,551778	7,7314	0,3393171	0,3736975	0,03279616	0,3747953	0,001451087	0,1327782	0,03049331	0,008653587	13,60521	66,86191	22,83862	0,02966245	9,277917	2,500321	7,630905	11,89963	1,076642	9,265756	11,65295	0,5873065	2,499189	48,0532	3,09463	131,5974	48,89802	0,09730956	18,918	194,4445	0,2652676	0,4330695	1,069669	0,2407454	0,05919719	0,01530058	9,528014	3,103173	8,611424	12,97172	10,01917	2,662792	8,303093	12,31389	8,601933	1,976321	6,753372	10,13379	1,727612	0,5306952	2,772634	2,842577	3,624807	1,37991	4,733891	4,553099	9,277917	2,500321	7,630905	11,89963	9,528018	2,921504	12,97172	8,611424	10,01917	2,746019	12,31389	8,303093	8,601937	2,088034	10,13379	6,753372	3,802455	1,073553	3,308018	4,619351	0,7808417	0,272473	0,9265712	1,04782	1,357614	0,4925642	2,01098	1,938603	0,006007804
Mini	6,157068	6,196331	2,436	18,495	15,12791	15,09968	4,283544	14,40894	14,50394	6,149062	13,8243	1,471091	1,722222	0,8226016	1,722222	0,01176471	1,12667	0,2349803	0,9520423	34,56665	215,3968	-45,93417	0,83	111,3421	4,390075	89,	129,	-1,162166	111,3478	103,9492	-1,475471	4,381831	19,20045	1,741007	44,09278	18,34913	0,2647378	224,8589	71,19254	3,493311	4,484674	0,7801842	1,193754	-0,5268013	0,9157462	127,573	3,594422	100,	146,	111,0968	4,988682	84,	132,	95,34975	5,346038	73,	115,	20,034	2,077809	3,	28,	29,6975	3,027149	8,	40,	111,3421	4,390075	89,	129,	86,05736	3,497744	62,	120,	101,6119	4,843592	75,99999	137,	126,8872	5,359828	99,99999	151,	47,98005	1,883053	37,14145	56,21762	1,035066	0,2269021	-0,5440094	1,759953	9,540469	0,09423002	5,367362	8,503991	0,0375551
Maxi	8,84	8,882462	3,857	24,66	20,51619	20,40217	5,57723	24,42658	24,61659	14,89858	40,0253	2,735461	3,416667	0,9569994	3,416667	0,01689116	1,70549	0,3662235	0,9932427	106,0058	451,5031	76,78365	0,95	150,1405	14,1666	119,	175,	2,926032	150,1541	167,1055	1,074234	14,15995	200,5042	13,70895	721,6821	200,7358	0,6473353	303,6581	797,1469	4,540357	6,184061	5,052625	2,102495	-0,2780609	0,9904775	168,9426	15,95884	135,	193,	153,3881	15,46298	118,	179,	128,1128	12,57564	104,	155,	27,37873	4,796911	17,	42,	45,10422	9,702176	31,	60,	150,1405	14,1666	119,	175,	127,427	16,80937	109,	155,	143,9032	16,81204	123,	171,	159,6503	13,84695	140,	182,	64,07977	6,603938	50,24374	73,33945	4,567924	1,52595	3,602207	7,149852	15,50581	2,234291	14,36768	17,4099	0,06366483
% à 2,00 x écart type	97,2	97,2	94,4	97,2	97,2	97,2	91,7	94,4	94,4	100,0	100,0	97,2	97,2	97,2	97,2	97,2	97,2	94,4	91,7	94,4	100,0	91,7	97,2	97,2	94,4	100,0	88,9	91,7	97,2	97,2	97,2	94,4	91,7	94,4	97,2	91,7	97,2	97,2	91,7	97,2	97,2	94,4	100,0	97,2	97,2	97,2	91,7	94,4	91,7	97,2	94,4	97,2	88,9	94,4	97,2	94,4	91,7	94,4	97,2	97,2	97,2	97,2	97,2	94,4	88,9	97,2	94,4	100,0	88,9	97,2	94,4	91,7	94,4	97,2	94,4	88,9	97,2	94,4	94,4	91,7	94,4	97,2	94,4	97,2	88,9	97,2	94,4	94,4	94,4	91,7	94,4	94,4	91,7	94,44444
