Date	Heure début	Heure fin	ID Programme	ID Lot	Utilisateur	ID Variété	ID Sous variété	Code variété	Masse totale mesurée	Nb mesures	Nb graines	PMG	Masse Surfacique (gr/mm2)	Masse ext.	PMG ext.	Classifieur	Masse analysée	%Clas. NI (nb)	%Clas. NI (masse)	Masse Clas. NI	Nb Clas. NI	PMG Clas. NI	%Clas. C1 (nb)	%Clas. C1 (masse)	Masse Clas. C1	Nb Clas. C1	PMG Clas. C1	%Clas. C2 (nb)	%Clas. C2 (masse)	Masse Clas. C2	Nb Clas. C2	PMG Clas. C2	%Clas. C3 (nb)	%Clas. C3 (masse)	Masse Clas. C3	Nb Clas. C3	PMG Clas. C3	%Clas. C4 (nb)	%Clas. C4 (masse)	Masse Clas. C4	Nb Clas. C4	PMG Clas. C4	Dossier Mesure
22/11/2022	07:56:31	07:56:31	Blé dur - Métrologie complète + classification cassés	120_122_124	Mecarnot	Blé dur	Standard	0101	1,890	1	36	52,500	0,002774473	0,000	0,000	Graines entiers et cassés_test	1,890	0,0	0,0	0,000	0	0,000	97,2	98,0	1,852	35	52,913	2,8	2,0	0,038	1	38,044	0,0	0,0	0,000	0	0,000	0,0	0,0	0,000	0	0,000	2022-11-22_075631_0101_Mecarnot_120_122_124



Mesure	Longueur (mm)	Longueur intérieure (mm)	Largeur (mm)	Périmètre (mm)	Périmètre de Crofton (mm)	Périmètre convexe (mm)	Dimètre Eq. (mm)	Surface (mm2)	Surface convexe (mm2)	Surface DiffCAP (mm2)	Surface DiffCEN (mm2)	Surface DiffEAP (mm2)	Finesse	Excentricité	F. Feret	Compacité	Circularité	Rugosité	Index de courbure	Moment inertie 1	Moment inertie 2	Moment inertie 3	Symétrie	Moyenne ndg	Ecart type ndg	Minimum ndg	Maximum ndg	Histo. Kurtose	Histo. Moyenne	Histo. Pic	Histo. Assymétrie	Histo. Ecart type	Histo. Variance	Cooc. Contraste	Cooc. Corrélation	Cooc. Variance globale	Cooc. Homogénéïté	Cooc. Somme des moyennes	Cooc. Somme des variances	Cooc. Somme des entropies	Cooc. Entropie globale	Cooc. Ecart variance	Cooc. Ecart entropie	Cooc. Corrélation IC1	Cooc. Corrélation IC2	RVB R Moy	RVB R Ect	RVB R Min	RVB R Max	RVB V Moy	RVB V Ect	RVB V Min	RVB V Max	RVB B Moy	RVB B Ect	RVB B Min	RVB B Max	TSI T Moy	TSI T Ect	TSI T Min	TSI T Max	TSI S Moy	TSI S Ect	TSI S Min	TSI S Max	TSI I Moy	TSI I Ect	TSI I Min	TSI I Max	CMJ C Moy	CMJ C Ect	CMJ C Min	CMJ C Max	CMJ M Moy	CMJ M Ect	CMJ M Min	CMJ M Max	CMJ J Moy	CMJ J Ect	CMJ J Min	CMJ J Max	Lab L Moy	Lab L Ect	Lab L Min	Lab L Max	Lab a Moy	Lab a Ect	Lab a Min	Lab a Max	Lab b Moy	Lab b Ect	Lab b Min	Lab b Max	Poids estimé (gr)
Moyenne	7,673993	7,757251	3,242361	21,41196	17,77607	17,77588	4,89671	18,92251	19,06736	11,06408	26,66121	2,048123	2,317247	0,9063827	2,316062	0,01363225	1,336376	0,2771176	0,977448	61,74046	341,9091	3,295342	0,8916667	126,6055	9,132221	100,9444	148,6944	0,7444428	126,6227	127,2578	-0,02855081	9,133877	95,6574	5,430436	211,243	94,58802	0,440699	255,3442	372,9218	4,05144	5,349724	2,246142	1,632859	-0,4242272	0,9672327	143,7828	8,954145	116,9167	163,5833	128,0446	9,952651	99,30556	152,6667	107,9872	9,203992	84,47222	132,6944	24,01253	3,125739	12,52778	40,05556	37,7006	5,472301	19,58333	50,94444	126,6055	9,132221	100,9444	148,6944	111,2172	9,82262	91,41666	138,0833	126,9554	10,75421	102,3333	155,6944	147,0128	9,834844	122,3056	170,5278	54,46977	4,136939	43,2454	63,49083	2,669926	0,8511045	0,6213904	4,594784	13,08557	1,157577	9,756354	13,15662	0,0525
Ecart type	0,5693957	0,5800895	0,2860312	1,638868	1,26475	1,237042	0,3445177	2,615852	2,700304	1,636902	4,461568	0,360815	0,1515628	0,01449776	0,1511363	0,00108332	0,05954737	0,026159	0,007185748	10,6837	48,49973	17,07974	0,03278719	9,273864	3,49998	17,62723	10,3597	1,324071	9,274431	12,40509	0,8790756	3,497101	81,44438	2,843114	221,5496	80,78622	0,08895752	18,8795	322,4212	0,3308531	0,4903052	1,055766	0,212471	0,05817343	0,01768745	9,682528	4,044765	20,80381	11,57913	9,915752	3,670201	18,22821	10,94176	8,613574	2,75583	13,84535	8,853184	1,503489	1,843204	4,412647	36,09704	3,865003	1,250659	5,298716	5,131301	9,273864	3,49998	17,62723	10,3597	9,682534	5,360219	11,57914	20,80381	9,91576	4,550163	10,94177	18,22821	8,613573	3,289517	8,853184	13,84535	3,793327	1,99051	7,71766	4,098136	0,7100587	0,3648585	1,042428	1,659618	1,500297	0,7177401	2,855607	2,454367	0,007257611
Mini	6,136	6,180268	2,7405	17,4675	14,66735	14,67597	4,178703	13,71224	13,6278	7,30898	15,55766	1,307213	1,948718	0,8687842	1,948718	0,01205823	1,211292	0,2354577	0,9621311	43,45102	225,6593	-24,45226	0,82	105,2795	3,246438	53,	131,	-0,8873799	105,2839	103,8594	-1,723345	3,251456	10,57197	1,643802	7,395175	9,913385	0,2857961	212,1776	37,90779	3,184853	4,029191	0,7767342	1,196102	-0,5197729	0,9334041	121,4973	3,350279	58,	144,	105,3402	3,7805	51,	136,	89,026	4,335981	48,	115,	21,46981	1,917488	0,	30,	28,32304	3,24571	2,	36,	105,2795	3,246438	53,	131,	85,59928	3,67985	59,	110,	102,2378	4,660261	75,99999	128,	122,5036	6,266836	101,	138,	45,62772	1,634043	21,87411	56,85594	1,20285	0,2450362	-1,497591	1,590421	10,36732	0,1234287	3,03429	8,883011	0,03804424
Maxi	8,624815	8,754076	3,9585	24,66	20,17381	19,954	5,484878	23,62433	24,38436	15,55647	35,30716	3,009314	2,607143	0,9287159	2,607143	0,01694915	1,435596	0,3524239	0,9919191	92,17269	445,6198	57,11867	0,94	149,2164	20,99736	130,	173,	3,708887	149,2238	171,8281	1,905294	20,98863	440,5227	16,2212	1311,867	438,7379	0,624874	301,8827	1748,555	4,644761	6,207231	6,532377	2,193572	-0,3149723	0,9916595	169,4007	22,94959	145,	196,	152,7622	22,08495	127,	179,	132,4964	18,18119	117,	154,	27,37307	13,60771	20,	253,	44,9096	8,317175	28,	61,	149,2164	20,99736	130,	173,	133,5027	26,41846	111,	197,	149,6598	25,05904	119,	204,	165,974	21,13704	140,	207,	63,89828	10,28143	54,5356	73,59907	3,992605	1,624583	2,612816	8,170497	16,60181	2,912028	14,56317	18,56694	0,06554507
% à 2,00 x écart type	94,4	94,4	97,2	97,2	97,2	97,2	97,2	100,0	97,2	94,4	94,4	91,7	94,4	94,4	94,4	94,4	97,2	94,4	94,4	97,2	94,4	97,2	97,2	88,9	97,2	91,7	94,4	97,2	88,9	97,2	97,2	97,2	97,2	94,4	97,2	97,2	94,4	88,9	97,2	97,2	94,4	97,2	94,4	100,0	100,0	88,9	97,2	91,7	94,4	88,9	94,4	91,7	94,4	91,7	97,2	88,9	97,2	97,2	97,2	94,4	97,2	97,2	97,2	94,4	97,2	88,9	97,2	91,7	94,4	88,9	94,4	94,4	91,7	88,9	94,4	94,4	91,7	91,7	94,4	97,2	88,9	88,9	94,4	91,7	94,4	94,4	97,2	97,2	97,2	97,2	94,4	97,2	97,2	100,
