Date	Heure début	Heure fin	ID Programme	ID Lot	Utilisateur	ID Variété	ID Sous variété	Code variété	Masse totale mesurée	Nb mesures	Nb graines	PMG	Masse Surfacique (gr/mm2)	Masse ext.	PMG ext.	Classifieur	Masse analysée	%Clas. NI (nb)	%Clas. NI (masse)	Masse Clas. NI	Nb Clas. NI	PMG Clas. NI	%Clas. C1 (nb)	%Clas. C1 (masse)	Masse Clas. C1	Nb Clas. C1	PMG Clas. C1	%Clas. C2 (nb)	%Clas. C2 (masse)	Masse Clas. C2	Nb Clas. C2	PMG Clas. C2	%Clas. C3 (nb)	%Clas. C3 (masse)	Masse Clas. C3	Nb Clas. C3	PMG Clas. C3	%Clas. C4 (nb)	%Clas. C4 (masse)	Masse Clas. C4	Nb Clas. C4	PMG Clas. C4	Dossier Mesure
22/11/2022	08:43:55	08:43:55	Blé dur - Métrologie complète + classification cassés	187_188_189	Mecarnot	Blé dur	Standard	0101	1,720	1	36	47,778	0,002698271	0,000	0,000	Graines entiers et cassés_test	1,720	0,0	0,0	0,000	0	0,000	94,4	95,9	1,649	34	48,499	5,6	4,1	0,071	2	35,518	0,0	0,0	0,000	0	0,000	0,0	0,0	0,000	0	0,000	2022-11-22_084355_0101_Mecarnot_187_188_189



Mesure	Longueur (mm)	Longueur intérieure (mm)	Largeur (mm)	Périmètre (mm)	Périmètre de Crofton (mm)	Périmètre convexe (mm)	Dimètre Eq. (mm)	Surface (mm2)	Surface convexe (mm2)	Surface DiffCAP (mm2)	Surface DiffCEN (mm2)	Surface DiffEAP (mm2)	Finesse	Excentricité	F. Feret	Compacité	Circularité	Rugosité	Index de courbure	Moment inertie 1	Moment inertie 2	Moment inertie 3	Symétrie	Moyenne ndg	Ecart type ndg	Minimum ndg	Maximum ndg	Histo. Kurtose	Histo. Moyenne	Histo. Pic	Histo. Assymétrie	Histo. Ecart type	Histo. Variance	Cooc. Contraste	Cooc. Corrélation	Cooc. Variance globale	Cooc. Homogénéïté	Cooc. Somme des moyennes	Cooc. Somme des variances	Cooc. Somme des entropies	Cooc. Entropie globale	Cooc. Ecart variance	Cooc. Ecart entropie	Cooc. Corrélation IC1	Cooc. Corrélation IC2	RVB R Moy	RVB R Ect	RVB R Min	RVB R Max	RVB V Moy	RVB V Ect	RVB V Min	RVB V Max	RVB B Moy	RVB B Ect	RVB B Min	RVB B Max	TSI T Moy	TSI T Ect	TSI T Min	TSI T Max	TSI S Moy	TSI S Ect	TSI S Min	TSI S Max	TSI I Moy	TSI I Ect	TSI I Min	TSI I Max	CMJ C Moy	CMJ C Ect	CMJ C Min	CMJ C Max	CMJ M Moy	CMJ M Ect	CMJ M Min	CMJ M Max	CMJ J Moy	CMJ J Ect	CMJ J Min	CMJ J Max	Lab L Moy	Lab L Ect	Lab L Min	Lab L Max	Lab a Moy	Lab a Ect	Lab a Min	Lab a Max	Lab b Moy	Lab b Ect	Lab b Min	Lab b Max	Poids estimé (gr)
Moyenne	7,25341	7,302065	3,177514	20,39017	16,89928	16,92497	4,733248	17,70681	17,72176	9,625014	23,12907	1,814901	2,237341	0,8964796	2,235764	0,0144402	1,293226	0,2716539	0,9813619	60,10349	305,0313	-1,411248	0,9044444	122,4451	8,686619	104,6389	148,6944	0,6100595	122,4473	120,9399	0,5255055	8,682354	82,33382	7,415708	222,0487	80,6796	0,4149429	246,6189	315,3027	4,030105	5,381571	2,879442	1,726718	-0,4078793	0,9644921	139,0271	8,11532	121,8611	162,75	123,3764	9,499285	103,	151,9167	104,9327	9,209266	86,91666	133,8333	22,95448	3,078403	12,88889	35,33333	36,54261	6,06356	17,25	49,94444	122,4451	8,686619	104,6389	148,6944	115,9729	8,191872	92,25	133,1389	131,6236	9,766218	103,0833	152,	150,0672	9,808955	121,1667	168,0833	52,67044	3,634317	44,92664	63,25301	2,92598	0,7727715	0,8767073	4,906759	12,26463	0,9128318	9,86963	12,91885	0,04777779
Ecart type	0,6118469	0,6079394	0,3089962	1,660409	1,327651	1,341649	0,3804105	2,84467	2,836202	1,773707	4,581369	0,2614769	0,1749321	0,01972879	0,1736391	0,001216031	0,05753348	0,0275296	0,00803637	12,15766	50,51327	14,40741	0,02702308	9,121408	2,637186	10,06687	8,617874	1,914785	9,11791	10,9181	0,5909954	2,63639	49,45908	5,080387	196,0816	49,86291	0,1200425	18,56447	196,832	0,3464233	0,6172448	1,6595	0,2999389	0,05546202	0,01292129	10,34173	2,991058	11,47498	10,59972	10,16526	2,911289	11,23487	9,443913	7,289982	2,232083	8,254208	7,584707	2,349308	0,7790464	4,026149	4,972145	4,520493	1,033414	5,267168	4,49657	9,121408	2,637186	10,06687	8,617874	10,34173	2,344686	10,59973	11,47498	10,16526	2,217474	9,443915	11,23487	7,289981	2,118973	7,584707	8,254208	3,923429	0,8358145	4,47088	3,548215	0,7718407	0,2594473	1,326293	1,339602	2,120513	0,4856757	2,155243	2,737157	0,007675693
Mini	6,136	6,100676	2,639	17,262	14,24427	14,24272	4,024672	12,71998	12,71998	6,200285	13,82761	1,418641	1,818182	0,8387431	1,818182	0,01219512	1,151831	0,2284424	0,9606079	40,6222	212,1612	-43,38002	0,85	102,2773	3,931588	77,	127,	-0,9391952	102,2883	96,99023	-0,8460239	3,91982	15,36499	1,579909	39,49834	13,54182	0,2031127	205,3264	52,58737	3,141249	3,716177	0,9675668	1,098356	-0,5270784	0,9350455	116,8527	3,559476	87,	140,	101,1749	4,03034	74,	128,	88,88608	5,223817	68,	118,	18,02787	1,695252	0,	29,	25,74944	4,300162	8,	41,	102,2773	3,931588	77,	127,	98,20655	4,330193	69,99999	114,	113,1256	6,4079	83,99999	129,	134,94	5,736069	107,	151,	43,99166	2,414697	32,57126	54,92509	1,235169	0,3463999	-1,64331	2,077186	7,559417	0,211023	5,241414	7,131237	0,03432196
Maxi	8,528	8,473503	4,06	23,6325	19,42793	19,4779	5,563958	24,31047	24,31047	13,0512	32,68852	2,489324	2,6	0,9262828	2,6	0,01694915	1,406898	0,347151	0,9943349	97,86881	406,5303	35,7104	0,94	138,9769	15,24082	125,	166,	7,982821	138,9725	144,9668	2,164009	15,23431	232,084	24,11892	994,6015	236,7563	0,695547	280,2848	942,3713	4,646901	6,520209	8,181361	2,350936	-0,3096738	0,9925209	156,7934	15,96947	141,	185,	141,8744	16,57118	126,	171,	120,06	14,41725	104,	148,	26,85873	5,10294	19,	57,	43,29486	8,800459	27,	59,	138,9769	15,24082	125,	166,	138,1473	14,31711	115,	168,	153,8251	15,9039	127,	181,	166,1139	13,99907	137,	187,	59,55755	5,812284	53,58271	70,51401	4,381515	1,255779	4,164808	7,820705	15,84695	2,046541	14,15056	19,08311	0,06559625
% à 2,00 x écart type	97,2	100,0	97,2	100,0	100,0	100,0	97,2	97,2	97,2	100,0	94,4	94,4	91,7	91,7	91,7	97,2	97,2	94,4	94,4	97,2	97,2	91,7	97,2	97,2	94,4	94,4	94,4	94,4	97,2	94,4	94,4	94,4	94,4	94,4	97,2	94,4	97,2	97,2	94,4	94,4	94,4	94,4	94,4	97,2	94,4	97,2	94,4	97,2	91,7	97,2	94,4	94,4	91,7	94,4	97,2	94,4	97,2	97,2	94,4	97,2	94,4	94,4	94,4	100,0	97,2	97,2	94,4	94,4	94,4	97,2	97,2	91,7	97,2	97,2	94,4	91,7	94,4	94,4	100,0	97,2	94,4	97,2	94,4	97,2	91,7	97,2	100,0	94,4	94,4	97,2	91,7	97,2	91,7	97,22222
