Date	Heure début	Heure fin	ID Programme	ID Lot	Utilisateur	ID Variété	ID Sous variété	Code variété	Masse totale mesurée	Nb mesures	Nb graines	PMG	Masse Surfacique (gr/mm2)	Masse ext.	PMG ext.	Classifieur	Masse analysée	%Clas. NI (nb)	%Clas. NI (masse)	Masse Clas. NI	Nb Clas. NI	PMG Clas. NI	%Clas. C1 (nb)	%Clas. C1 (masse)	Masse Clas. C1	Nb Clas. C1	PMG Clas. C1	%Clas. C2 (nb)	%Clas. C2 (masse)	Masse Clas. C2	Nb Clas. C2	PMG Clas. C2	%Clas. C3 (nb)	%Clas. C3 (masse)	Masse Clas. C3	Nb Clas. C3	PMG Clas. C3	%Clas. C4 (nb)	%Clas. C4 (masse)	Masse Clas. C4	Nb Clas. C4	PMG Clas. C4	Dossier Mesure
22/11/2022	08:51:18	08:51:18	Blé dur - Métrologie complète + classification cassés	192_194_195	Mecarnot	Blé dur	Standard	0101	1,810	1	36	50,278	0,002678117	0,000	0,000	Graines entiers et cassés_test	1,810	0,0	0,0	0,000	0	0,000	100,0	100,0	1,810	36	50,278	0,0	0,0	0,000	0	0,000	0,0	0,0	0,000	0	0,000	0,0	0,0	0,000	0	0,000	2022-11-22_085118_0101_Mecarnot_192_194_195



Mesure	Longueur (mm)	Longueur intérieure (mm)	Largeur (mm)	Périmètre (mm)	Périmètre de Crofton (mm)	Périmètre convexe (mm)	Dimètre Eq. (mm)	Surface (mm2)	Surface convexe (mm2)	Surface DiffCAP (mm2)	Surface DiffCEN (mm2)	Surface DiffEAP (mm2)	Finesse	Excentricité	F. Feret	Compacité	Circularité	Rugosité	Index de courbure	Moment inertie 1	Moment inertie 2	Moment inertie 3	Symétrie	Moyenne ndg	Ecart type ndg	Minimum ndg	Maximum ndg	Histo. Kurtose	Histo. Moyenne	Histo. Pic	Histo. Assymétrie	Histo. Ecart type	Histo. Variance	Cooc. Contraste	Cooc. Corrélation	Cooc. Variance globale	Cooc. Homogénéïté	Cooc. Somme des moyennes	Cooc. Somme des variances	Cooc. Somme des entropies	Cooc. Entropie globale	Cooc. Ecart variance	Cooc. Ecart entropie	Cooc. Corrélation IC1	Cooc. Corrélation IC2	RVB R Moy	RVB R Ect	RVB R Min	RVB R Max	RVB V Moy	RVB V Ect	RVB V Min	RVB V Max	RVB B Moy	RVB B Ect	RVB B Min	RVB B Max	TSI T Moy	TSI T Ect	TSI T Min	TSI T Max	TSI S Moy	TSI S Ect	TSI S Min	TSI S Max	TSI I Moy	TSI I Ect	TSI I Min	TSI I Max	CMJ C Moy	CMJ C Ect	CMJ C Min	CMJ C Max	CMJ M Moy	CMJ M Ect	CMJ M Min	CMJ M Max	CMJ J Moy	CMJ J Ect	CMJ J Min	CMJ J Max	Lab L Moy	Lab L Ect	Lab L Min	Lab L Max	Lab a Moy	Lab a Ect	Lab a Min	Lab a Max	Lab b Moy	Lab b Ect	Lab b Min	Lab b Max	Poids estimé (gr)
Moyenne	7,953902	8,019348	3,087291	21,65171	18,09688	18,11982	4,877657	18,77355	18,88996	12,03451	30,01613	2,173842	2,529388	0,9196454	2,52785	0,01311118	1,399746	0,2882882	0,9800282	56,86319	365,2145	-3,166487	0,8883333	130,6783	8,011803	111,5278	151,7222	0,1538548	130,6784	128,7598	0,1270886	8,012503	73,52264	5,538313	332,039	73,43995	0,4558321	263,3889	288,2214	3,95766	5,204749	2,222775	1,593601	-0,4221941	0,9653274	147,4087	7,66629	128,3056	167,0833	132,1289	8,791753	110,1111	155,4722	112,4981	8,457642	93,66666	135,8611	24,14556	2,831613	13,94444	34,61111	35,68691	5,593749	18,44444	48,83333	130,6783	8,011803	111,5278	151,7222	107,5913	7,536119	87,91666	126,6944	122,8711	8,767864	99,52778	144,8889	142,5019	8,380185	119,1389	161,3333	56,03054	3,258301	47,7108	64,61955	2,509068	0,7436793	0,9330461	4,437491	12,71298	0,9075696	10,36584	13,23958	0,05027778
Ecart type	0,4097369	0,4243251	0,2824374	1,256702	1,025602	1,026532	0,3394351	2,563804	2,578557	1,381015	3,40633	0,4799564	0,2019751	0,01323879	0,1961026	0,0006972963	0,09073013	0,02756214	0,007946688	10,3482	39,87896	13,17581	0,02948634	8,011359	3,052956	9,914878	10,36718	1,130091	8,0107	9,857748	0,529973	3,053266	53,25817	4,444224	291,2104	54,6428	0,106838	16,35996	215,3373	0,3633778	0,571431	1,397923	0,2744844	0,04404523	0,01599591	8,305639	3,284043	10,5167	12,0609	8,371984	3,287791	10,42107	11,13425	7,620474	2,615822	8,916277	7,846276	0,8911604	0,5934863	3,10863	4,084373	3,149923	1,2709	3,947182	4,609772	8,011359	3,052956	9,914878	10,36718	8,305634	3,029568	12,0609	10,5167	8,371984	2,905999	11,13425	10,42107	7,620473	2,033995	7,846276	8,916277	3,208435	1,134495	4,145141	4,154736	0,4618263	0,299101	1,319815	1,119715	1,091006	0,4542555	1,75702	1,616113	0,006866169
Mini	6,968	6,946915	2,3345	18,7005	15,66512	15,77336	3,999543	12,56164	12,70942	9,101204	22,68026	1,643197	2,166667	0,8916179	2,166667	0,01176471	1,273528	0,2392536	0,9620771	31,44485	275,446	-50,32635	0,83	116,0085	3,318119	81,	135,	-1,415457	116,0017	105,1699	-1,638722	3,319364	11,01818	1,737005	52,08086	10,5799	0,1695658	233,331	40,5629	3,183	4,035604	0,8122299	1,194625	-0,5121506	0,9155064	132,4013	3,371798	91,	148,	116,8816	3,75657	78,	136,	98,71899	4,487156	71,	122,	22,11816	1,803633	4,	29,	27,70978	3,428541	11,	41,	116,0085	3,318119	81,	135,	90,32829	3,260007	55,	113,	106,0981	4,714376	69,99999	131,	126,9626	5,225072	96,99999	147,	50,13087	1,702738	34,32898	57,47329	1,572072	0,1475053	-1,565141	2,208161	9,473804	0,152619	4,358931	10,13186	0,03364154
Maxi	8,84	8,839926	3,654	23,6325	19,9415	20,02487	5,521517	23,94101	24,14157	15,4152	37,14385	3,666374	3,316242	0,9676767	3,26087	0,01492537	1,819394	0,364075	0,9945276	81,85042	458,855	20,38847	0,94	147,2033	15,09461	124,	180,	3,159287	147,2025	153,123	1,055599	15,09395	227,8275	24,77945	1361,99	233,2222	0,6366132	297,3283	925,9222	4,670476	6,313015	6,924057	2,298331	-0,3413778	0,990182	164,6717	15,63852	142,	200,	148,9019	16,40084	124,	185,	128,0374	13,65679	108,	158,	26,21227	4,380474	19,	46,	41,74448	8,523528	26,	58,	147,2033	15,09461	124,	180,	122,5987	16,15777	107,	164,	138,1184	17,48087	119,	177,	156,281	14,99004	133,	184,	62,4971	6,777303	53,13022	75,7279	3,329189	1,414074	3,900676	6,901113	14,63477	2,196406	13,81519	16,34633	0,06411683
% à 2,00 x écart type	94,4	97,2	91,7	97,2	97,2	97,2	97,2	94,4	94,4	91,7	94,4	91,7	97,2	94,4	97,2	97,2	97,2	94,4	97,2	94,4	91,7	97,2	100,0	97,2	97,2	94,4	94,4	91,7	97,2	91,7	91,7	97,2	94,4	97,2	97,2	94,4	97,2	97,2	94,4	97,2	97,2	97,2	97,2	97,2	94,4	97,2	91,7	94,4	94,4	97,2	97,2	94,4	94,4	97,2	100,0	94,4	94,4	94,4	94,4	97,2	94,4	94,4	94,4	100,0	100,0	97,2	97,2	94,4	94,4	97,2	94,4	94,4	94,4	97,2	94,4	94,4	94,4	97,2	97,2	94,4	94,4	97,2	94,4	94,4	94,4	97,2	91,7	97,2	94,4	94,4	97,2	97,2	100,0	94,44444
