Date	Heure début	Heure fin	ID Programme	ID Lot	Utilisateur	ID Variété	ID Sous variété	Code variété	Masse totale mesurée	Nb mesures	Nb graines	PMG	Masse Surfacique (gr/mm2)	Masse ext.	PMG ext.	Classifieur	Masse analysée	%Clas. NI (nb)	%Clas. NI (masse)	Masse Clas. NI	Nb Clas. NI	PMG Clas. NI	%Clas. C1 (nb)	%Clas. C1 (masse)	Masse Clas. C1	Nb Clas. C1	PMG Clas. C1	%Clas. C2 (nb)	%Clas. C2 (masse)	Masse Clas. C2	Nb Clas. C2	PMG Clas. C2	%Clas. C3 (nb)	%Clas. C3 (masse)	Masse Clas. C3	Nb Clas. C3	PMG Clas. C3	%Clas. C4 (nb)	%Clas. C4 (masse)	Masse Clas. C4	Nb Clas. C4	PMG Clas. C4	Dossier Mesure
22/11/2022	14:33:51	14:33:51	Blé dur - Métrologie complète + classification cassés	453	Mecarnot	Blé dur	Standard	0101	0,650	1	12	54,167	0,002862019	0,000	0,000	Graines entiers et cassés_test	0,646	0,0	0,0	0,000	0	0,000	100,0	100,0	0,646	12	53,817	0,0	0,0	0,000	0	0,000	0,0	0,0	0,000	0	0,000	0,0	0,0	0,000	0	0,000	2022-11-22_143351_0101_Mecarnot_453



Mesure	Longueur (mm)	Longueur intérieure (mm)	Largeur (mm)	Périmètre (mm)	Périmètre de Crofton (mm)	Périmètre convexe (mm)	Dimètre Eq. (mm)	Surface (mm2)	Surface convexe (mm2)	Surface DiffCAP (mm2)	Surface DiffCEN (mm2)	Surface DiffEAP (mm2)	Finesse	Excentricité	F. Feret	Compacité	Circularité	Rugosité	Index de courbure	Moment inertie 1	Moment inertie 2	Moment inertie 3	Symétrie	Moyenne ndg	Ecart type ndg	Minimum ndg	Maximum ndg	Histo. Kurtose	Histo. Moyenne	Histo. Pic	Histo. Assymétrie	Histo. Ecart type	Histo. Variance	Cooc. Contraste	Cooc. Corrélation	Cooc. Variance globale	Cooc. Homogénéïté	Cooc. Somme des moyennes	Cooc. Somme des variances	Cooc. Somme des entropies	Cooc. Entropie globale	Cooc. Ecart variance	Cooc. Ecart entropie	Cooc. Corrélation IC1	Cooc. Corrélation IC2	RVB R Moy	RVB R Ect	RVB R Min	RVB R Max	RVB V Moy	RVB V Ect	RVB V Min	RVB V Max	RVB B Moy	RVB B Ect	RVB B Min	RVB B Max	TSI T Moy	TSI T Ect	TSI T Min	TSI T Max	TSI S Moy	TSI S Ect	TSI S Min	TSI S Max	TSI I Moy	TSI I Ect	TSI I Min	TSI I Max	CMJ C Moy	CMJ C Ect	CMJ C Min	CMJ C Max	CMJ M Moy	CMJ M Ect	CMJ M Min	CMJ M Max	CMJ J Moy	CMJ J Ect	CMJ J Min	CMJ J Max	Lab L Moy	Lab L Ect	Lab L Min	Lab L Max	Lab a Moy	Lab a Ect	Lab a Min	Lab a Max	Lab b Moy	Lab b Ect	Lab b Min	Lab b Max	Poids estimé (gr)
Moyenne	8,108382	8,207612	3,078833	22,07413	18,48309	18,49899	4,8892	18,80375	19,19872	13,25143	32,06103	2,459165	2,579554	0,9302046	2,575433	0,01285356	1,44967	0,30162	0,9760067	53,90759	393,8358	-2,852231	0,8591667	124,9303	7,876674	109,25	152,6667	1,261521	125,0552	120,7917	0,8126979	7,87642	66,06168	5,070429	249,1045	63,68821	0,489836	251,4594	249,6824	3,912327	5,109939	2,387634	1,587656	-0,4314294	0,9681938	141,9653	6,442436	126,8333	164,9167	126,1882	8,456597	108,25	155,8333	106,6358	9,626932	89,5	139,9167	23,83489	3,262798	13,33333	53,75	37,67558	7,28352	14,41667	53,33333	124,9303	7,876674	109,25	152,6667	113,0347	7,953149	90,08334	128,1667	128,8118	9,94731	99,16666	146,75	148,3642	11,09364	115,0833	165,5	53,77994	3,644545	46,97329	64,63721	2,773103	0,644732	0,5525832	4,28249	12,85239	1,301858	9,131896	13,58469	0,05381671
Ecart type	0,3689127	0,3648141	0,2085626	0,9283898	0,7525789	0,7510844	0,2023636	1,547257	1,584955	1,126306	3,644767	0,4017766	0,1770859	0,009784006	0,1818851	0,0006011853	0,06797305	0,01328592	0,006760288	6,792218	35,41291	18,47767	0,02564447	4,104965	2,006108	5,53963	7,027723	1,894228	4,104869	6,649979	0,5996366	2,005908	32,44347	2,520386	131,7394	31,92848	0,09262391	8,209631	125,5443	0,2844813	0,4923894	0,7909011	0,2164929	0,03062955	0,008285075	4,559785	1,698916	7,514801	6,512275	4,552397	2,149504	6,722165	7,38053	3,947301	2,009398	4,974937	7,158426	0,9604478	1,707892	3,986087	60,16522	3,628657	0,7494547	4,590903	2,981424	4,104965	2,006108	5,53963	7,027723	4,559787	1,452081	6,512276	7,514801	4,552401	1,819374	7,380534	6,722165	3,9473	1,870375	7,158425	4,974937	1,731068	0,6347459	2,685198	2,672672	0,5248638	0,2062651	1,114216	0,6910437	1,341733	0,6090119	1,879978	2,02271	0,004428278
Mini	7,384	7,518873	2,7405	20,139	17,08596	17,09189	4,551329	16,2668	16,35124	11,4617	25,82898	1,923975	2,3125	0,9124582	2,3125	0,01204819	1,32529	0,2774727	0,9692129	43,95685	338,9037	-36,15468	0,81	117,7398	5,249427	100,	143,	-0,7123471	117,8648	112,125	-0,307795	5,249607	27,55837	2,619766	99,32143	26,93118	0,2987641	237,3675	105,1049	3,522074	4,563828	1,419695	1,330125	-0,4733338	0,9472287	134,5337	4,158379	108,	153,	118,0888	5,583154	93,	145,	100,6255	6,941659	78,	129,	22,23061	2,12233	3,	31,	30,0037	5,929442	5,	48,	117,7398	5,249427	100,	143,	106,6297	4,971588	81,99999	119,	121,8193	5,726913	87,99999	139,	142,6867	6,895556	101,	159,	50,71334	2,164066	40,79683	60,87408	1,996056	0,2854513	-1,094848	3,305505	10,25567	0,4313571	4,525259	9,258561	0,0465559
Maxi	8,632	8,71852	3,3495	23,6325	19,59912	19,49999	5,159047	20,90088	21,30201	15,25436	38,91435	3,139091	2,964286	0,9499803	2,964286	0,01408451	1,598017	0,318951	0,9910849	67,43128	450,4496	26,80039	0,89	131,1334	11,0352	117,	164,	4,818254	131,2584	135,125	1,847465	11,03521	121,7759	11,23538	509,2484	115,2916	0,5880296	264,0854	449,9311	4,328856	5,933013	4,067349	2,00616	-0,3781936	0,9812894	148,3703	9,394753	136,	173,	133,1807	11,9342	116,	167,	112,3133	12,41439	96,	154,	25,28256	8,44163	18,	253,	43,80616	8,499449	25,	60,	131,1334	11,0352	117,	164,	120,4663	10,48116	102,	147,	136,9112	12,03151	110,	162,	154,3745	14,66134	126,	177,	56,37638	4,407598	50,158	68,64594	3,909232	0,93205	2,083377	5,333202	14,56353	2,477961	11,80686	16,93167	0,05981873
% à 2,00 x écart type	100,0	100,0	100,0	91,7	100,0	100,0	100,0	100,0	100,0	100,0	100,0	100,0	91,7	91,7	91,7	91,7	91,7	100,0	91,7	100,0	100,0	100,0	100,0	100,0	100,0	100,0	100,0	100,0	100,0	91,7	100,0	100,0	100,0	91,7	100,0	100,0	91,7	100,0	100,0	100,0	100,0	91,7	100,0	100,0	91,7	100,0	100,0	91,7	100,0	100,0	100,0	91,7	100,0	100,0	100,0	91,7	100,0	100,0	91,7	91,7	91,7	91,7	100,0	83,3	91,7	100,0	100,0	100,0	100,0	100,0	91,7	100,0	91,7	100,0	91,7	100,0	91,7	100,0	91,7	100,0	91,7	100,0	91,7	91,7	100,0	91,7	100,0	100,0	100,0	100,0	100,0	91,7	91,7	100,
