Date	Heure début	Heure fin	ID Programme	ID Lot	Utilisateur	ID Variété	ID Sous variété	Code variété	Masse totale mesurée	Nb mesures	Nb graines	PMG	Masse Surfacique (gr/mm2)	Masse ext.	PMG ext.	Classifieur	Masse analysée	%Clas. NI (nb)	%Clas. NI (masse)	Masse Clas. NI	Nb Clas. NI	PMG Clas. NI	%Clas. C1 (nb)	%Clas. C1 (masse)	Masse Clas. C1	Nb Clas. C1	PMG Clas. C1	%Clas. C2 (nb)	%Clas. C2 (masse)	Masse Clas. C2	Nb Clas. C2	PMG Clas. C2	%Clas. C3 (nb)	%Clas. C3 (masse)	Masse Clas. C3	Nb Clas. C3	PMG Clas. C3	%Clas. C4 (nb)	%Clas. C4 (masse)	Masse Clas. C4	Nb Clas. C4	PMG Clas. C4	Dossier Mesure
22/11/2022	10:57:17	10:57:17	Blé dur - Métrologie complète + classification cassés	315_316_329	Mecarnot	Blé dur	Standard	0101	1,690	1	36	46,944	0,002684415	0,000	0,000	Graines entiers et cassés_test	1,690	0,0	0,0	0,000	0	0,000	97,2	98,0	1,656	35	47,319	2,8	2,0	0,034	1	33,834	0,0	0,0	0,000	0	0,000	0,0	0,0	0,000	0	0,000	2022-11-22_105717_0101_Mecarnot_315_316_329



Mesure	Longueur (mm)	Longueur intérieure (mm)	Largeur (mm)	Périmètre (mm)	Périmètre de Crofton (mm)	Périmètre convexe (mm)	Dimètre Eq. (mm)	Surface (mm2)	Surface convexe (mm2)	Surface DiffCAP (mm2)	Surface DiffCEN (mm2)	Surface DiffEAP (mm2)	Finesse	Excentricité	F. Feret	Compacité	Circularité	Rugosité	Index de courbure	Moment inertie 1	Moment inertie 2	Moment inertie 3	Symétrie	Moyenne ndg	Ecart type ndg	Minimum ndg	Maximum ndg	Histo. Kurtose	Histo. Moyenne	Histo. Pic	Histo. Assymétrie	Histo. Ecart type	Histo. Variance	Cooc. Contraste	Cooc. Corrélation	Cooc. Variance globale	Cooc. Homogénéïté	Cooc. Somme des moyennes	Cooc. Somme des variances	Cooc. Somme des entropies	Cooc. Entropie globale	Cooc. Ecart variance	Cooc. Ecart entropie	Cooc. Corrélation IC1	Cooc. Corrélation IC2	RVB R Moy	RVB R Ect	RVB R Min	RVB R Max	RVB V Moy	RVB V Ect	RVB V Min	RVB V Max	RVB B Moy	RVB B Ect	RVB B Min	RVB B Max	TSI T Moy	TSI T Ect	TSI T Min	TSI T Max	TSI S Moy	TSI S Ect	TSI S Min	TSI S Max	TSI I Moy	TSI I Ect	TSI I Min	TSI I Max	CMJ C Moy	CMJ C Ect	CMJ C Min	CMJ C Max	CMJ M Moy	CMJ M Ect	CMJ M Min	CMJ M Max	CMJ J Moy	CMJ J Ect	CMJ J Min	CMJ J Max	Lab L Moy	Lab L Ect	Lab L Min	Lab L Max	Lab a Moy	Lab a Ect	Lab a Min	Lab a Max	Lab b Moy	Lab b Ect	Lab b Min	Lab b Max	Poids estimé (gr)
Moyenne	7,496915	7,547727	3,036542	20,57854	17,19834	17,2376	4,710908	17,48777	17,52824	10,68246	25,97211	1,816588	2,426585	0,9117295	2,422187	0,01391895	1,355283	0,2830687	0,981302	55,5853	325,6523	-1,264762	0,9058335	125,9323	7,381424	106,8333	146,0278	0,3842572	125,8954	125,6032	0,07746598	7,352596	57,4428	6,291474	265,0477	56,93475	0,4336937	253,7183	221,4476	3,904302	5,222681	2,546562	1,655968	-0,3947405	0,9580216	142,9285	6,771601	123,2222	160,25	127,1341	8,085118	105,4167	149,0556	107,7302	8,052315	89,63889	132,25	23,64936	2,731309	12,86111	33,52778	37,08784	5,613069	18,08333	50,36111	125,9323	7,381424	106,8333	146,0278	112,0715	7,562429	94,75	131,7778	127,8659	8,648508	105,9444	149,5833	147,2698	8,705057	122,75	165,3611	54,14867	3,269243	45,7957	62,23288	2,794011	0,7242025	1,246011	4,451514	12,75894	1,095507	9,490827	12,32065	0,04694444
Ecart type	0,4294609	0,4266761	0,2646526	1,012727	0,8762276	0,8856157	0,2770698	1,989494	1,926761	1,542939	4,056965	0,1533103	0,2388671	0,02040127	0,2419102	0,0008158404	0,09943087	0,03269389	0,005236555	10,48625	38,51456	18,50153	0,02553593	6,186011	1,84626	10,69398	7,178231	1,32316	6,161841	8,71274	0,669366	1,839061	30,30245	4,426135	139,1794	31,56684	0,1071621	12,54505	123,0643	0,2419361	0,4764871	1,571733	0,2737927	0,05649133	0,01305858	6,256119	2,102099	12,37406	7,76164	6,424298	2,090141	11,83539	7,445896	6,250452	1,561966	8,273629	6,84501	1,298643	0,555897	3,705498	3,086585	3,424861	1,076546	4,523856	4,540881	6,186011	1,84626	10,69398	7,178231	6,256114	2,423603	7,761642	12,37406	6,424301	2,423036	7,445899	11,83539	6,250457	1,588972	6,84501	8,273629	2,464942	0,9689529	4,754826	2,77493	0,6063928	0,3742985	1,078687	1,483006	1,137513	0,5612062	2,155703	2,324561	0,005340629
Mini	6,344	6,438437	2,436	17,262	14,58665	14,64898	3,947104	12,2344	12,55108	7,782964	18,49462	1,516558	1,970588	0,8650007	1,970588	0,0125	1,198712	0,2288044	0,964906	34,14814	235,39	-41,6882	0,83	112,811	4,055367	74,	127,	-0,9170837	112,8254	112,0176	-1,905444	4,039559	16,31804	1,585701	36,29044	15,25993	0,2208118	227,2536	59,12769	3,376142	4,287627	0,7422588	1,152669	-0,5050014	0,9339046	129,4465	4,546145	87,	142,	113,0043	4,566109	72,	130,	95,9846	4,731061	63,	113,	20,58508	1,788644	3,	27,	28,16118	2,629982	8,	36,	112,811	4,055367	74,	127,	97,72673	4,22155	72,99999	117,	113,281	4,989777	91,99999	137,	129,9905	5,655238	112,	153,	48,70752	1,93617	31,85205	54,97776	1,585345	0,03896801	-1,067895	2,064545	10,62481	0,1675781	5,673882	7,406712	0,03284221
Maxi	8,32	8,36352	3,5525	21,9885	18,61115	18,66661	5,131616	20,6792	20,66865	14,04032	35,52257	2,249173	2,962963	0,946951	2,962963	0,01639344	1,556467	0,3607572	0,9907941	75,13741	404,547	52,22308	0,95	140,487	12,28276	119,	159,	6,120568	140,3933	151,8613	1,139651	12,23475	149,6891	22,2635	630,2971	155,0221	0,6359516	283,6575	609,7104	4,410156	6,051755	7,73575	2,297389	-0,3234968	0,9870167	157,2733	13,28933	138,	182,	141,719	13,69963	118,	163,	125,0095	12,06841	102,	143,	25,83705	4,323532	18,	45,	42,3649	7,676499	31,	60,	140,487	12,28276	119,	159,	125,5535	14,82654	113,	168,	141,9957	15,08765	125,	183,	159,0154	12,11532	142,	192,	59,75873	6,076574	50,90453	67,95943	4,701404	1,779838	3,761133	8,399688	14,87885	2,239961	13,66327	16,56813	0,05551155
% à 2,00 x écart type	97,2	97,2	97,2	94,4	97,2	94,4	91,7	91,7	91,7	97,2	97,2	97,2	97,2	97,2	97,2	97,2	97,2	94,4	97,2	97,2	94,4	94,4	97,2	88,9	94,4	91,7	94,4	94,4	88,9	91,7	97,2	94,4	94,4	94,4	94,4	91,7	100,0	88,9	94,4	91,7	100,0	94,4	97,2	100,0	97,2	91,7	94,4	91,7	94,4	88,9	91,7	91,7	94,4	94,4	91,7	91,7	94,4	91,7	94,4	94,4	94,4	97,2	97,2	94,4	91,7	88,9	94,4	91,7	94,4	91,7	94,4	94,4	91,7	88,9	94,4	94,4	91,7	94,4	97,2	94,4	91,7	88,9	94,4	91,7	91,7	97,2	91,7	91,7	94,4	100,0	97,2	100,0	94,4	91,66666
