Date	Heure début	Heure fin	ID Programme	ID Lot	Utilisateur	ID Variété	ID Sous variété	Code variété	Masse totale mesurée	Nb mesures	Nb graines	PMG	Masse Surfacique (gr/mm2)	Masse ext.	PMG ext.	Classifieur	Masse analysée	%Clas. NI (nb)	%Clas. NI (masse)	Masse Clas. NI	Nb Clas. NI	PMG Clas. NI	%Clas. C1 (nb)	%Clas. C1 (masse)	Masse Clas. C1	Nb Clas. C1	PMG Clas. C1	%Clas. C2 (nb)	%Clas. C2 (masse)	Masse Clas. C2	Nb Clas. C2	PMG Clas. C2	%Clas. C3 (nb)	%Clas. C3 (masse)	Masse Clas. C3	Nb Clas. C3	PMG Clas. C3	%Clas. C4 (nb)	%Clas. C4 (masse)	Masse Clas. C4	Nb Clas. C4	PMG Clas. C4	Dossier Mesure
22/11/2022	12:46:36	12:46:36	Blé dur - Métrologie complète + classification cassés	383_385_387	Mecarnot	Blé dur	Standard	0101	1,590	1	36	44,167	0,002511676	0,000	0,000	Graines entiers et cassés_test	1,590	0,0	0,0	0,000	0	0,000	94,4	96,0	1,526	34	44,873	5,6	4,0	0,064	2	32,161	0,0	0,0	0,000	0	0,000	0,0	0,0	0,000	0	0,000	2022-11-22_124636_0101_Mecarnot_383_385_387



Mesure	Longueur (mm)	Longueur intérieure (mm)	Largeur (mm)	Périmètre (mm)	Périmètre de Crofton (mm)	Périmètre convexe (mm)	Dimètre Eq. (mm)	Surface (mm2)	Surface convexe (mm2)	Surface DiffCAP (mm2)	Surface DiffCEN (mm2)	Surface DiffEAP (mm2)	Finesse	Excentricité	F. Feret	Compacité	Circularité	Rugosité	Index de courbure	Moment inertie 1	Moment inertie 2	Moment inertie 3	Symétrie	Moyenne ndg	Ecart type ndg	Minimum ndg	Maximum ndg	Histo. Kurtose	Histo. Moyenne	Histo. Pic	Histo. Assymétrie	Histo. Ecart type	Histo. Variance	Cooc. Contraste	Cooc. Corrélation	Cooc. Variance globale	Cooc. Homogénéïté	Cooc. Somme des moyennes	Cooc. Somme des variances	Cooc. Somme des entropies	Cooc. Entropie globale	Cooc. Ecart variance	Cooc. Ecart entropie	Cooc. Corrélation IC1	Cooc. Corrélation IC2	RVB R Moy	RVB R Ect	RVB R Min	RVB R Max	RVB V Moy	RVB V Ect	RVB V Min	RVB V Max	RVB B Moy	RVB B Ect	RVB B Min	RVB B Max	TSI T Moy	TSI T Ect	TSI T Min	TSI T Max	TSI S Moy	TSI S Ect	TSI S Min	TSI S Max	TSI I Moy	TSI I Ect	TSI I Min	TSI I Max	CMJ C Moy	CMJ C Ect	CMJ C Min	CMJ C Max	CMJ M Moy	CMJ M Ect	CMJ M Min	CMJ M Max	CMJ J Moy	CMJ J Ect	CMJ J Min	CMJ J Max	Lab L Moy	Lab L Ect	Lab L Min	Lab L Max	Lab a Moy	Lab a Ect	Lab a Min	Lab a Max	Lab b Moy	Lab b Ect	Lab b Min	Lab b Max	Poids estimé (gr)
Moyenne	7,438943	7,519859	3,132403	20,66988	17,16129	17,18093	4,718235	17,58454	17,6986	10,29617	25,51139	2,252181	2,322113	0,9064279	2,319324	0,01410701	1,34054	0,2895375	0,9773309	57,5627	318,5224	-1,268361	0,8941666	130,2416	9,886172	106,5556	156,1389	0,3316623	130,2735	128,4288	0,1092588	9,888088	106,494	7,865948	176,2016	104,0846	0,3855703	262,3797	408,4723	4,165967	5,559155	3,04721	1,761963	-0,4166419	0,9684589	146,2421	8,980999	122,9167	168,8611	131,5154	10,64636	105,6111	159,8333	112,968	10,79694	88,63889	142,3056	23,92707	3,421976	12,30556	43,16667	34,06353	6,597117	14,80556	48,91667	130,2416	9,886172	106,5556	156,1389	108,7579	9,557694	86,13889	132,0833	123,4846	11,11191	95,16666	149,3889	142,032	10,79382	112,6944	166,3611	55,75368	4,183804	45,74302	66,08578	2,462402	0,7573581	0,2721596	4,038699	12,04874	1,178359	8,913528	13,39117	0,04416667
Ecart type	0,7213923	0,7241188	0,2697694	1,819043	1,483671	1,472998	0,3617888	2,694264	2,772353	2,099633	6,288061	1,767495	0,1740489	0,01474753	0,1751266	0,001313746	0,07629028	0,02196346	0,00803907	9,15917	59,68397	19,88866	0,02618046	10,19836	2,95338	15,50169	10,93454	1,22451	10,19747	11,82186	0,7326468	2,95292	65,33098	4,580029	144,6592	64,68143	0,09818966	20,58969	257,7935	0,2922546	0,4569685	1,674438	0,2603884	0,06616382	0,01652672	11,18413	3,634373	19,42561	12,32467	10,76076	3,187759	16,29805	11,64641	9,042836	2,329078	11,23772	10,06871	1,472785	1,273363	4,647696	35,85968	4,042778	1,263882	4,593592	4,118893	10,19836	2,95338	15,50169	10,93454	11,18413	4,422016	12,32467	19,42561	10,76076	3,740436	11,64641	16,29805	9,042837	2,664671	10,06871	11,23772	4,173379	1,561023	6,853624	4,3553	0,6028377	0,2094967	1,163243	0,9557903	1,700712	0,5517684	2,235184	2,621863	0,00676712
Mini	6,157068	6,217477	2,7405	17,262	14,24427	14,28403	3,986076	12,47719	12,43497	6,513846	16,93007	1,506224	1,992295	0,8678008	1,970588	0,01123596	1,196948	0,2387837	0,9490343	43,43328	210,3101	-46,44138	0,85	106,2002	4,86103	66,	129,	-1,150625	106,2346	106,9063	-1,732052	4,850713	23,52942	1,932285	15,234	22,2054	0,1914871	214,7762	85,60961	3,510635	4,461737	0,8508866	1,265332	-0,5825837	0,9205617	121,6108	2,863456	75,	139,	105,8243	5,071192	64,	131,	91,1716	6,83646	58,	120,	20,1573	1,781623	0,	29,	22,24823	3,923182	2,	40,	106,2002	4,86103	66,	129,	87,37501	2,811699	58,	109,	101,5411	4,974329	72,99999	131,	123,2278	7,344986	96,99999	152,	45,82455	1,764023	28,02889	55,15221	1,294644	0,3597703	-2,654475	1,908166	6,802426	0,2990007	3,10625	7,341473	0,03133866
Maxi	9,256001	9,328883	3,857	25,071	20,67759	20,49184	5,434404	23,19153	23,24431	15,444	43,6984	12,53932	2,793103	0,9408959	2,793103	0,01689116	1,552834	0,3430255	0,9901149	81,12447	456,621	29,43153	0,94	150,9556	19,03637	123,	178,	4,626392	150,9822	155,0313	1,419167	19,03374	362,2831	19,06876	682,2496	353,9645	0,6079339	304,4813	1410,464	4,667408	6,260665	6,999633	2,248826	-0,278368	0,9928212	167,625	21,2398	146,	197,	153,4589	20,39461	124,	182,	131,7722	15,81307	103,	158,	26,40184	9,10552	18,	253,	41,08585	9,432989	23,	55,	150,9556	19,03637	123,	178,	133,3892	28,44942	116,	180,	149,1757	28,08443	124,	191,	163,8284	21,74494	135,	197,	64,06072	11,19573	53,1228	74,63074	3,732644	1,278294	2,588695	6,380984	14,64003	3,238168	12,90105	16,98552	0,05824962
% à 2,00 x écart type	97,2	97,2	97,2	97,2	97,2	97,2	97,2	97,2	97,2	94,4	97,2	97,2	97,2	94,4	97,2	94,4	94,4	94,4	97,2	97,2	94,4	94,4	100,0	91,7	97,2	91,7	97,2	91,7	91,7	94,4	94,4	97,2	97,2	91,7	91,7	97,2	97,2	91,7	97,2	94,4	94,4	91,7	100,0	94,4	97,2	94,4	97,2	91,7	91,7	91,7	97,2	91,7	97,2	94,4	94,4	88,9	94,4	91,7	97,2	94,4	97,2	97,2	94,4	97,2	91,7	91,7	97,2	91,7	97,2	94,4	97,2	91,7	91,7	91,7	97,2	97,2	91,7	94,4	97,2	94,4	88,9	94,4	97,2	91,7	97,2	97,2	97,2	94,4	94,4	94,4	97,2	97,2	91,7	97,22222
