Date	Heure début	Heure fin	ID Programme	ID Lot	Utilisateur	ID Variété	ID Sous variété	Code variété	Masse totale mesurée	Nb mesures	Nb graines	PMG	Masse Surfacique (gr/mm2)	Masse ext.	PMG ext.	Classifieur	Masse analysée	%Clas. NI (nb)	%Clas. NI (masse)	Masse Clas. NI	Nb Clas. NI	PMG Clas. NI	%Clas. C1 (nb)	%Clas. C1 (masse)	Masse Clas. C1	Nb Clas. C1	PMG Clas. C1	%Clas. C2 (nb)	%Clas. C2 (masse)	Masse Clas. C2	Nb Clas. C2	PMG Clas. C2	%Clas. C3 (nb)	%Clas. C3 (masse)	Masse Clas. C3	Nb Clas. C3	PMG Clas. C3	%Clas. C4 (nb)	%Clas. C4 (masse)	Masse Clas. C4	Nb Clas. C4	PMG Clas. C4	Dossier Mesure
22/11/2022	08:36:23	08:36:23	Blé dur - Métrologie complète + classification cassés	182_184_185	Mecarnot	Blé dur	Standard	0101	1,850	1	36	51,389	0,002723266	0,000	0,000	Graines entiers et cassés_test	1,850	0,0	0,0	0,000	0	0,000	97,2	98,1	1,815	35	51,866	2,8	1,9	0,035	1	34,697	0,0	0,0	0,000	0	0,000	0,0	0,0	0,000	0	0,000	2022-11-22_083623_0101_Mecarnot_182_184_185



Mesure	Longueur (mm)	Longueur intérieure (mm)	Largeur (mm)	Périmètre (mm)	Périmètre de Crofton (mm)	Périmètre convexe (mm)	Dimètre Eq. (mm)	Surface (mm2)	Surface convexe (mm2)	Surface DiffCAP (mm2)	Surface DiffCEN (mm2)	Surface DiffEAP (mm2)	Finesse	Excentricité	F. Feret	Compacité	Circularité	Rugosité	Index de courbure	Moment inertie 1	Moment inertie 2	Moment inertie 3	Symétrie	Moyenne ndg	Ecart type ndg	Minimum ndg	Maximum ndg	Histo. Kurtose	Histo. Moyenne	Histo. Pic	Histo. Assymétrie	Histo. Ecart type	Histo. Variance	Cooc. Contraste	Cooc. Corrélation	Cooc. Variance globale	Cooc. Homogénéïté	Cooc. Somme des moyennes	Cooc. Somme des variances	Cooc. Somme des entropies	Cooc. Entropie globale	Cooc. Ecart variance	Cooc. Ecart entropie	Cooc. Corrélation IC1	Cooc. Corrélation IC2	RVB R Moy	RVB R Ect	RVB R Min	RVB R Max	RVB V Moy	RVB V Ect	RVB V Min	RVB V Max	RVB B Moy	RVB B Ect	RVB B Min	RVB B Max	TSI T Moy	TSI T Ect	TSI T Min	TSI T Max	TSI S Moy	TSI S Ect	TSI S Min	TSI S Max	TSI I Moy	TSI I Ect	TSI I Min	TSI I Max	CMJ C Moy	CMJ C Ect	CMJ C Min	CMJ C Max	CMJ M Moy	CMJ M Ect	CMJ M Min	CMJ M Max	CMJ J Moy	CMJ J Ect	CMJ J Min	CMJ J Max	Lab L Moy	Lab L Ect	Lab L Min	Lab L Max	Lab a Moy	Lab a Ect	Lab a Min	Lab a Max	Lab b Moy	Lab b Ect	Lab b Min	Lab b Max	Poids estimé (gr)
Moyenne	7,600991	7,649655	3,268735	21,24071	17,54238	17,56125	4,882999	18,87031	18,88234	10,45445	26,04617	1,828445	2,273083	0,8992225	2,271435	0,01380954	1,30814	0,2798947	0,9815373	63,83334	327,3013	3,561943	0,9155555	135,0091	11,85662	104,5278	158,4444	0,005366981	135,0166	138,8555	-0,3477875	11,85809	150,9624	10,67564	108,969	150,3012	0,3411311	272,4264	590,5289	4,32795	5,784352	3,54687	1,849979	-0,4264167	0,9751558	151,7885	12,01359	120,9444	174,7222	136,8368	12,99901	102,9444	162,5556	116,4015	11,18791	88,02778	140,1389	24,81588	3,455919	12,72222	41,33333	35,29599	5,363998	18,58333	48,97222	135,0091	11,85662	104,5278	158,4444	103,2115	10,71736	80,27778	134,0556	118,1632	11,76953	92,44444	152,0556	138,5985	10,04589	114,8611	166,9722	57,78908	4,469145	44,83172	67,25654	2,219518	0,8981661	0,6907465	4,672918	13,01075	0,9122914	10,54659	13,73252	0,05138889
Ecart type	0,732574	0,7227576	0,3099711	1,978306	1,603972	1,598175	0,4316272	3,309067	3,335387	2,07726	5,574723	0,2386673	0,1322044	0,01338106	0,1330447	0,00132406	0,05199963	0,02460214	0,008387851	12,037	61,8804	20,59774	0,02608154	10,40166	3,216351	11,46125	12,1574	1,506015	10,40199	15,6557	0,6638219	3,216859	76,46088	7,121675	92,83639	75,51347	0,121836	21,08438	299,4562	0,2920736	0,5123769	2,058848	0,3209707	0,05868518	0,01113369	10,91858	3,617124	13,92828	14,31319	11,05641	3,523675	11,83672	13,15177	9,393778	2,698231	9,214982	9,784207	1,453377	1,346753	3,625612	33,92066	2,489969	1,060602	4,009537	4,106134	10,40166	3,216351	11,46125	12,1574	10,91858	3,680817	14,31319	13,92828	11,05641	3,330984	13,15178	11,83672	9,393774	2,459057	9,784208	9,214982	4,224518	1,374414	4,969287	4,931798	0,6393085	0,3347116	0,9381676	1,291545	1,14252	0,5158484	2,329605	2,420365	0,009011468
Mini	6,344	6,444343	2,7405	17,673	14,74805	14,70804	4,02801	12,74109	12,77276	7,617905	17,67375	1,512078	2,026316	0,8763795	2,026316	0,01176471	1,226343	0,2379865	0,9579018	42,54736	231,8895	-26,9751	0,85	109,1866	5,264802	72,	129,	-1,201622	109,1832	108,0703	-2,108283	5,265332	27,72372	1,995495	15,73714	27,10572	0,1805644	220,1847	106,284	3,675601	4,642663	0,8300033	1,263968	-0,5376641	0,9514471	124,4248	4,771213	80,	138,	109,5724	5,761085	69,	131,	93,57381	6,18329	64,	119,	21,69683	2,232394	0,	30,	30,19753	3,066838	7,	42,	109,1866	5,264802	72,	129,	84,0462	4,970235	56,	117,	97,48845	6,774798	67,99999	135,	122,4301	6,56282	98,99999	152,	47,20604	2,415464	30,2348	55,03914	0,7993574	0,2042978	-1,82739	2,034136	9,648662	0,1509708	2,53548	4,734835	0,03469738
Maxi	8,84	9,010319	3,857	24,8655	20,59689	20,53857	5,645504	25,02828	25,40829	14,67294	36,7109	2,654516	2,545455	0,923917	2,545455	0,01639344	1,424768	0,3417763	0,9980269	84,05154	438,1818	74,09852	0,96	153,6777	19,52089	120,	180,	4,771265	153,6815	165,0234	1,315068	19,52397	381,1854	24,30685	423,3427	371,3458	0,593957	311,5838	1478,546	4,830701	6,487587	7,591988	2,331853	-0,3382093	0,9945419	170,9538	20,37083	138,	199,	157,5116	21,10689	120,	187,	132,5699	17,45866	103,	156,	28,0341	10,74362	18,	241,	41,31697	7,359097	26,	59,	153,6777	19,52089	120,	180,	130,5752	23,09588	117,	175,	145,4276	23,32183	124,	186,	161,4262	18,67364	136,	191,	65,45309	9,312067	51,53122	76,09953	3,543038	1,920871	2,268255	8,277328	14,8761	2,37106	15,31811	17,75763	0,06815866
% à 2,00 x écart type	100,0	100,0	100,0	100,0	100,0	100,0	100,0	100,0	100,0	97,2	100,0	97,2	97,2	100,0	97,2	100,0	94,4	94,4	97,2	100,0	100,0	94,4	97,2	94,4	94,4	94,4	97,2	91,7	94,4	100,0	91,7	94,4	97,2	100,0	94,4	97,2	97,2	94,4	97,2	94,4	94,4	100,0	100,0	100,0	97,2	94,4	94,4	94,4	94,4	94,4	94,4	94,4	94,4	94,4	97,2	94,4	97,2	94,4	97,2	94,4	97,2	94,4	97,2	97,2	97,2	94,4	94,4	94,4	97,2	94,4	97,2	94,4	94,4	94,4	97,2	94,4	94,4	94,4	97,2	97,2	94,4	94,4	97,2	94,4	94,4	94,4	94,4	97,2	94,4	97,2	94,4	91,7	97,2	100,
