Date	Heure début	Heure fin	ID Programme	ID Lot	Utilisateur	ID Variété	ID Sous variété	Code variété	Masse totale mesurée	Nb mesures	Nb graines	PMG	Masse Surfacique (gr/mm2)	Masse ext.	PMG ext.	Classifieur	Masse analysée	%Clas. NI (nb)	%Clas. NI (masse)	Masse Clas. NI	Nb Clas. NI	PMG Clas. NI	%Clas. C1 (nb)	%Clas. C1 (masse)	Masse Clas. C1	Nb Clas. C1	PMG Clas. C1	%Clas. C2 (nb)	%Clas. C2 (masse)	Masse Clas. C2	Nb Clas. C2	PMG Clas. C2	%Clas. C3 (nb)	%Clas. C3 (masse)	Masse Clas. C3	Nb Clas. C3	PMG Clas. C3	%Clas. C4 (nb)	%Clas. C4 (masse)	Masse Clas. C4	Nb Clas. C4	PMG Clas. C4	Dossier Mesure
22/11/2022	14:07:48	14:07:48	Blé dur - Métrologie complète + classification cassés	488_489_504	Mecarnot	Blé dur	Standard	0101	1,940	1	36	53,889	0,002762057	0,000	0,000	Graines entiers et cassés_test	1,940	0,0	0,0	0,000	0	0,000	100,0	100,0	1,940	36	53,889	0,0	0,0	0,000	0	0,000	0,0	0,0	0,000	0	0,000	0,0	0,0	0,000	0	0,000	2022-11-22_140748_0101_Mecarnot_488_489_504



Mesure	Longueur (mm)	Longueur intérieure (mm)	Largeur (mm)	Périmètre (mm)	Périmètre de Crofton (mm)	Périmètre convexe (mm)	Dimètre Eq. (mm)	Surface (mm2)	Surface convexe (mm2)	Surface DiffCAP (mm2)	Surface DiffCEN (mm2)	Surface DiffEAP (mm2)	Finesse	Excentricité	F. Feret	Compacité	Circularité	Rugosité	Index de courbure	Moment inertie 1	Moment inertie 2	Moment inertie 3	Symétrie	Moyenne ndg	Ecart type ndg	Minimum ndg	Maximum ndg	Histo. Kurtose	Histo. Moyenne	Histo. Pic	Histo. Assymétrie	Histo. Ecart type	Histo. Variance	Cooc. Contraste	Cooc. Corrélation	Cooc. Variance globale	Cooc. Homogénéïté	Cooc. Somme des moyennes	Cooc. Somme des variances	Cooc. Somme des entropies	Cooc. Entropie globale	Cooc. Ecart variance	Cooc. Ecart entropie	Cooc. Corrélation IC1	Cooc. Corrélation IC2	RVB R Moy	RVB R Ect	RVB R Min	RVB R Max	RVB V Moy	RVB V Ect	RVB V Min	RVB V Max	RVB B Moy	RVB B Ect	RVB B Min	RVB B Max	TSI T Moy	TSI T Ect	TSI T Min	TSI T Max	TSI S Moy	TSI S Ect	TSI S Min	TSI S Max	TSI I Moy	TSI I Ect	TSI I Min	TSI I Max	CMJ C Moy	CMJ C Ect	CMJ C Min	CMJ C Max	CMJ M Moy	CMJ M Ect	CMJ M Min	CMJ M Max	CMJ J Moy	CMJ J Ect	CMJ J Min	CMJ J Max	Lab L Moy	Lab L Ect	Lab L Min	Lab L Max	Lab a Moy	Lab a Ect	Lab a Min	Lab a Max	Lab b Moy	Lab b Ect	Lab b Min	Lab b Max	Poids estimé (gr)
Moyenne	7,709901	7,752885	3,35232	21,64029	17,84988	17,87105	4,975142	19,51042	19,58578	10,69968	26,36349	2,400644	2,2665	0,8964862	2,264184	0,01353557	1,308214	0,2735104	0,9825836	66,59164	336,878	2,575951	0,9005555	128,9316	8,45516	105,3056	150,0556	0,5125341	128,9305	129,1439	-0,1981093	8,454113	77,46645	5,993249	254,4889	76,42678	0,436025	259,8282	299,7138	4,032766	5,335215	2,36464	1,627061	-0,419316	0,9667519	145,7856	8,048817	120,75	164,6111	130,4306	9,218912	103,9722	153,1111	110,5809	8,881495	88,41666	134,8889	24,17804	3,270693	12,11111	52,16667	36,57492	5,808651	18,27778	50,63889	128,9316	8,45516	105,3056	150,0556	109,2143	8,946666	90,38889	134,25	124,5694	9,607141	101,8889	151,0278	144,4191	9,113568	120,1111	166,5833	55,36859	3,695861	45,07634	63,75376	2,523861	0,7022353	1,121635	4,071728	12,87503	1,194604	9,351791	12,92277	0,05388888
Ecart type	0,4519714	0,4629662	0,3495543	1,313003	0,9942939	0,9613707	0,3050989	2,369321	2,407014	1,453223	4,434628	2,310102	0,2547775	0,02138755	0,2566334	0,0007936194	0,09120396	0,02627151	0,005839546	12,98522	38,24791	15,46791	0,02634646	9,071393	2,451024	15,03296	10,2115	2,224226	9,067742	10,26793	0,6978711	2,448351	43,37067	4,063894	290,6881	43,7967	0,1089966	18,24825	172,5895	0,3276561	0,5565637	1,431881	0,2869081	0,05160512	0,01594907	9,380613	2,73217	18,19245	10,42507	9,374517	2,616102	15,39207	10,50074	8,884667	2,237849	11,38316	10,90815	1,142734	1,812494	5,445579	59,342	4,427711	1,121248	7,290066	5,143241	9,071393	2,451024	15,03296	10,2115	9,380613	4,167836	10,42507	18,19245	9,37451	3,412659	10,50074	15,39207	8,884671	2,170935	10,90815	11,38316	3,637248	1,450705	6,464558	3,924054	0,4650346	0,4082674	0,9793692	1,645501	1,57058	0,7951518	3,202224	1,843706	0,006544199
Mini	6,76	6,794984	2,639	18,495	15,24204	15,20273	4,14803	13,51168	13,42723	7,693419	19,84508	1,451523	1,827782	0,8483191	1,825	0,01219512	1,193298	0,2339802	0,9719976	41,87627	240,7437	-33,20374	0,84	99,70567	2,974628	65,	124,	-1,389594	99,71358	104,1699	-2,570661	3,011853	9,071258	1,035108	28,31566	8,346226	0,2125021	200,361	32,34979	2,984663	3,658608	0,4898851	1,013638	-0,5175791	0,9241638	114,8479	3,10675	75,	139,	100,0828	3,475209	64,	127,	84,18362	3,07777	56,	108,	22,08821	1,708424	0,	29,	26,73112	3,134851	4,	41,	99,70567	2,974628	65,	124,	91,52129	3,964241	66,99999	113,	107,839	3,988734	81,99999	128,	128,7244	4,707575	96,99999	148,	43,3713	1,581889	27,97524	53,76119	1,382273	0,03058966	-0,9380179	1,291806	9,321058	0,3003149	1,638358	7,664861	0,03732003
Maxi	8,528	8,533237	4,06	24,0435	19,70346	19,67779	5,566374	24,33158	24,35269	13,48452	35,31244	15,8833	3,038461	0,9436653	3,038461	0,01538462	1,562109	0,3664132	0,9937136	93,19108	404,757	29,52661	0,97	144,1388	15,41814	127,	170,	12,36186	144,134	148,877	1,245401	15,41642	237,6661	15,6697	1585,493	239,9747	0,6601558	290,9157	948,0461	4,631975	6,278286	5,737813	2,168132	-0,3251914	0,987327	163,4787	17,31284	142,	188,	147,161	16,40407	127,	173,	126,2755	13,40667	107,	158,	26,77524	11,09242	19,	251,	45,56705	8,010818	30,	61,	144,1388	15,41814	127,	170,	140,1521	23,43844	116,	180,	154,9172	20,97855	128,	191,	170,8164	15,20141	147,	199,	61,78791	8,703862	54,01752	71,42778	3,330279	1,669153	3,533507	7,795557	15,94989	3,384133	13,43529	17,35657	0,06720521
% à 2,00 x écart type	97,2	97,2	94,4	97,2	97,2	97,2	97,2	94,4	97,2	97,2	97,2	97,2	91,7	91,7	91,7	94,4	94,4	94,4	100,0	97,2	97,2	94,4	94,4	94,4	94,4	94,4	97,2	97,2	94,4	97,2	94,4	94,4	97,2	94,4	94,4	97,2	94,4	94,4	97,2	94,4	97,2	94,4	97,2	100,0	91,7	94,4	97,2	91,7	91,7	94,4	94,4	94,4	97,2	97,2	94,4	94,4	94,4	94,4	91,7	91,7	91,7	94,4	97,2	100,0	97,2	94,4	94,4	94,4	97,2	94,4	91,7	91,7	91,7	94,4	97,2	97,2	94,4	97,2	91,7	94,4	94,4	94,4	94,4	94,4	97,2	94,4	91,7	94,4	97,2	97,2	94,4	91,7	94,4	94,44444
