Date	Heure début	Heure fin	ID Programme	ID Lot	Utilisateur	ID Variété	ID Sous variété	Code variété	Masse totale mesurée	Nb mesures	Nb graines	PMG	Masse Surfacique (gr/mm2)	Masse ext.	PMG ext.	Classifieur	Masse analysée	%Clas. NI (nb)	%Clas. NI (masse)	Masse Clas. NI	Nb Clas. NI	PMG Clas. NI	%Clas. C1 (nb)	%Clas. C1 (masse)	Masse Clas. C1	Nb Clas. C1	PMG Clas. C1	%Clas. C2 (nb)	%Clas. C2 (masse)	Masse Clas. C2	Nb Clas. C2	PMG Clas. C2	%Clas. C3 (nb)	%Clas. C3 (masse)	Masse Clas. C3	Nb Clas. C3	PMG Clas. C3	%Clas. C4 (nb)	%Clas. C4 (masse)	Masse Clas. C4	Nb Clas. C4	PMG Clas. C4	Dossier Mesure
22/11/2022	13:12:48	13:12:48	Blé dur - Métrologie complète + classification cassés	415_416_423	Mecarnot	Blé dur	Standard	0101	1,770	1	35	49,167	0,002640377	0,000	0,000	Graines entiers et cassés_test	1,705	0,0	0,0	0,000	0	0,000	100,0	100,0	1,705	35	48,702	0,0	0,0	0,000	0	0,000	0,0	0,0	0,000	0	0,000	0,0	0,0	0,000	0	0,000	2022-11-22_131248_0101_Mecarnot_415_416_423



Mesure	Longueur (mm)	Longueur intérieure (mm)	Largeur (mm)	Périmètre (mm)	Périmètre de Crofton (mm)	Périmètre convexe (mm)	Dimètre Eq. (mm)	Surface (mm2)	Surface convexe (mm2)	Surface DiffCAP (mm2)	Surface DiffCEN (mm2)	Surface DiffEAP (mm2)	Finesse	Excentricité	F. Feret	Compacité	Circularité	Rugosité	Index de courbure	Moment inertie 1	Moment inertie 2	Moment inertie 3	Symétrie	Moyenne ndg	Ecart type ndg	Minimum ndg	Maximum ndg	Histo. Kurtose	Histo. Moyenne	Histo. Pic	Histo. Assymétrie	Histo. Ecart type	Histo. Variance	Cooc. Contraste	Cooc. Corrélation	Cooc. Variance globale	Cooc. Homogénéïté	Cooc. Somme des moyennes	Cooc. Somme des variances	Cooc. Somme des entropies	Cooc. Entropie globale	Cooc. Ecart variance	Cooc. Ecart entropie	Cooc. Corrélation IC1	Cooc. Corrélation IC2	RVB R Moy	RVB R Ect	RVB R Min	RVB R Max	RVB V Moy	RVB V Ect	RVB V Min	RVB V Max	RVB B Moy	RVB B Ect	RVB B Min	RVB B Max	TSI T Moy	TSI T Ect	TSI T Min	TSI T Max	TSI S Moy	TSI S Ect	TSI S Min	TSI S Max	TSI I Moy	TSI I Ect	TSI I Min	TSI I Max	CMJ C Moy	CMJ C Ect	CMJ C Min	CMJ C Max	CMJ M Moy	CMJ M Ect	CMJ M Min	CMJ M Max	CMJ J Moy	CMJ J Ect	CMJ J Min	CMJ J Max	Lab L Moy	Lab L Ect	Lab L Min	Lab L Max	Lab a Moy	Lab a Ect	Lab a Min	Lab a Max	Lab b Moy	Lab b Ect	Lab b Min	Lab b Max	Poids estimé (gr)
Moyenne	7,555758	7,63434	3,168814	20,97274	17,51283	17,55734	4,84114	18,44525	18,50919	10,81895	25,65274	2,022024	2,336635	0,9073212	2,331049	0,01379046	1,327477	0,2859392	0,9777696	61,14401	331,8379	-1,417823	0,9071429	129,1293	8,640816	106,0571	150,9714	0,4532061	129,1236	129,3916	-0,02549878	8,642678	82,75317	6,384065	249,2169	81,3724	0,4100174	260,4437	319,1055	4,042994	5,403032	2,453815	1,672731	-0,4048661	0,9631519	145,4618	8,476114	121,3143	165,3428	130,2211	9,503345	103,9429	154,6857	111,7072	8,775162	90,	136,4286	23,51036	3,297122	11,97143	40,57143	34,6124	5,6259	15,97143	48,05714	129,1293	8,640816	106,0571	150,9714	109,5382	8,858266	89,65714	133,6857	124,7789	10,08829	100,3143	151,0571	143,2929	9,181897	118,5714	165,	55,3099	3,796674	45,18484	64,27909	2,686408	0,8712983	0,7531222	4,605939	12,13774	1,058279	9,129889	12,22098	0,04870243
Ecart type	0,3288556	0,3161393	0,2474798	0,9461203	0,7338963	0,7353265	0,2281663	1,761812	1,751751	1,013669	2,5992	0,2750173	0,1508767	0,01140956	0,1574471	0,0006014025	0,05085	0,02402255	0,009262891	9,575469	27,18325	25,38408	0,02558699	8,419195	2,838997	12,59239	8,56066	1,530749	8,419674	10,90793	0,7637337	2,838535	56,70259	4,000953	309,1804	55,58275	0,09823421	17,254	220,8956	0,3150072	0,5102496	1,475914	0,2597909	0,05684029	0,01759536	8,196671	3,502919	13,99749	9,951146	9,09345	3,02124	13,33297	9,275995	8,234866	2,060055	10,72247	6,838068	1,921283	1,668971	3,894947	36,575	3,338685	0,8862677	3,476334	4,750597	8,419195	2,838997	12,59239	8,56066	8,196673	4,00766	9,951146	13,99749	9,093445	3,506521	9,275998	13,33297	8,234868	2,390666	6,838068	10,72247	3,423386	1,487311	5,489897	3,452728	0,8804367	0,344807	1,211333	1,519408	1,099154	0,6934505	2,45886	1,881734	0,004651848
Mini	6,76	6,825152	2,7405	19,317	16,07841	16,10508	4,446755	15,52788	16,01345	8,231727	18,58801	1,647309	2,096774	0,8829615	2,057143	0,01249162	1,236303	0,2253691	0,9590414	45,96291	265,8322	-65,18742	0,86	110,718	2,884431	57,	136,	-1,079733	110,7173	107,9473	-2,345113	2,896663	8,390657	1,240964	13,11123	7,597629	0,2321987	223,0571	29,14955	3,029815	3,785434	0,5795833	1,073228	-0,5113996	0,9229279	125,5157	2,015451	63,	148,	109,968	3,167129	54,	139,	95,64609	4,569631	52,	123,	19,53934	1,942842	0,	29,	25,97824	3,915753	8,	38,	110,718	2,884431	57,	136,	93,27764	2,15566	66,99999	119,	105,9859	4,325788	82,99999	135,	126,0663	5,565404	106,	143,	47,54554	1,480309	23,48219	58,24187	0,8531083	0,2015903	-1,528347	1,664605	9,582329	0,1427047	2,312672	7,655428	0,04099946
Maxi	8,32558	8,386006	3,7555	23,427	19,34723	19,45087	5,4245	23,10708	23,34987	13,43986	30,92877	2,666822	2,714286	0,93023	2,714286	0,01538462	1,423712	0,3326477	0,9911506	82,58417	403,6898	64,22717	0,94	146,557	16,83374	121,	168,	6,118289	146,5582	155,209	1,205066	16,83025	283,2572	21,06175	1864,786	268,11	0,6348305	295,8103	1068,719	4,602417	6,258451	8,168027	2,288772	-0,3042191	0,9881911	161,7224	19,16336	136,	188,	149,0141	17,98332	120,	172,	128,9337	13,89977	112,	149,	27,98148	12,55221	17,	253,	42,83441	7,525334	22,	60,	146,557	16,83374	121,	168,	129,4843	26,41773	107,	192,	145,032	25,28305	116,	201,	159,3539	19,84217	132,	203,	62,28322	10,48109	51,32345	71,10095	3,976448	2,167063	4,223866	9,503534	13,99697	2,971647	12,51754	16,74524	0,0610114
% à 2,00 x écart type	91,4	91,4	97,1	94,3	94,3	94,3	94,3	94,3	94,3	94,3	94,3	94,3	94,3	91,4	94,3	94,3	100,0	97,1	97,1	94,3	94,3	85,7	100,0	91,4	91,4	94,3	100,0	94,3	91,4	97,1	94,3	91,4	94,3	97,1	97,1	94,3	97,1	91,4	94,3	94,3	94,3	97,1	94,3	100,0	94,3	94,3	94,3	94,3	97,1	91,4	91,4	94,3	100,0	97,1	94,3	91,4	100,0	91,4	97,1	94,3	97,1	94,3	97,1	97,1	94,3	91,4	91,4	94,3	100,0	94,3	97,1	97,1	94,3	91,4	97,1	100,0	94,3	97,1	97,1	100,0	91,4	91,4	97,1	94,3	100,0	97,1	97,1	97,1	97,1	97,1	94,3	94,3	91,4	94,28571
