Date	Heure début	Heure fin	ID Programme	ID Lot	Utilisateur	ID Variété	ID Sous variété	Code variété	Masse totale mesurée	Nb mesures	Nb graines	PMG	Masse Surfacique (gr/mm2)	Masse ext.	PMG ext.	Classifieur	Masse analysée	%Clas. NI (nb)	%Clas. NI (masse)	Masse Clas. NI	Nb Clas. NI	PMG Clas. NI	%Clas. C1 (nb)	%Clas. C1 (masse)	Masse Clas. C1	Nb Clas. C1	PMG Clas. C1	%Clas. C2 (nb)	%Clas. C2 (masse)	Masse Clas. C2	Nb Clas. C2	PMG Clas. C2	%Clas. C3 (nb)	%Clas. C3 (masse)	Masse Clas. C3	Nb Clas. C3	PMG Clas. C3	%Clas. C4 (nb)	%Clas. C4 (masse)	Masse Clas. C4	Nb Clas. C4	PMG Clas. C4	Dossier Mesure
21/11/2022	14:14:31	14:14:31	Blé dur - Métrologie complète + classification cassés	75_76_143	Mecarnot	Blé dur	Standard	0101	1,900	1	36	52,778	0,002705514	0,000	0,000	Graines entiers et cassés_test	1,900	0,0	0,0	0,000	0	0,000	100,0	100,0	1,900	36	52,778	0,0	0,0	0,000	0	0,000	0,0	0,0	0,000	0	0,000	0,0	0,0	0,000	0	0,000	2022-11-21_141431_0101_Mecarnot_75_76_143



Mesure	Longueur (mm)	Longueur intérieure (mm)	Largeur (mm)	Périmètre (mm)	Périmètre de Crofton (mm)	Périmètre convexe (mm)	Dimètre Eq. (mm)	Surface (mm2)	Surface convexe (mm2)	Surface DiffCAP (mm2)	Surface DiffCEN (mm2)	Surface DiffEAP (mm2)	Finesse	Excentricité	F. Feret	Compacité	Circularité	Rugosité	Index de courbure	Moment inertie 1	Moment inertie 2	Moment inertie 3	Symétrie	Moyenne ndg	Ecart type ndg	Minimum ndg	Maximum ndg	Histo. Kurtose	Histo. Moyenne	Histo. Pic	Histo. Assymétrie	Histo. Ecart type	Histo. Variance	Cooc. Contraste	Cooc. Corrélation	Cooc. Variance globale	Cooc. Homogénéïté	Cooc. Somme des moyennes	Cooc. Somme des variances	Cooc. Somme des entropies	Cooc. Entropie globale	Cooc. Ecart variance	Cooc. Ecart entropie	Cooc. Corrélation IC1	Cooc. Corrélation IC2	RVB R Moy	RVB R Ect	RVB R Min	RVB R Max	RVB V Moy	RVB V Ect	RVB V Min	RVB V Max	RVB B Moy	RVB B Ect	RVB B Min	RVB B Max	TSI T Moy	TSI T Ect	TSI T Min	TSI T Max	TSI S Moy	TSI S Ect	TSI S Min	TSI S Max	TSI I Moy	TSI I Ect	TSI I Min	TSI I Max	CMJ C Moy	CMJ C Ect	CMJ C Min	CMJ C Max	CMJ M Moy	CMJ M Ect	CMJ M Min	CMJ M Max	CMJ J Moy	CMJ J Ect	CMJ J Min	CMJ J Max	Lab L Moy	Lab L Ect	Lab L Min	Lab L Max	Lab a Moy	Lab a Ect	Lab a Min	Lab a Max	Lab b Moy	Lab b Ect	Lab b Min	Lab b Max	Poids estimé (gr)
Moyenne	7,808082	7,892169	3,262097	21,65742	18,03889	18,09546	4,978625	19,50749	19,60572	11,57113	27,6913	2,024523	2,347492	0,9075542	2,342713	0,01336961	1,331349	0,2783231	0,9775076	63,42324	355,2555	-8,495183	0,8966666	122,01	8,595936	103,5	145,0556	-0,2042533	122,013	120,216	0,0931576	8,598162	81,44226	5,741022	226,2061	80,66359	0,4427695	245,9607	316,9133	4,049356	5,339886	2,36971	1,621828	-0,4251965	0,9684632	138,9863	7,956685	120,8611	160,6667	122,7566	9,401974	101,8611	148,3333	104,2906	9,088459	84,88889	128,8056	22,56227	3,116802	12,19444	45,69444	37,24102	5,672544	20,33333	51,94444	122,01	8,595936	103,5	145,0556	116,0137	7,73292	94,33334	134,1389	132,2434	8,950926	106,6667	153,1389	150,7094	8,415624	126,1944	170,1111	52,49636	3,349703	44,47032	61,98021	3,170419	0,7067745	1,279885	4,823114	12,38455	0,6093208	11,25787	13,11515	0,05277778
Ecart type	0,4639176	0,4702169	0,2321381	1,065916	0,9175537	0,9162164	0,2338075	1,775179	1,778867	1,628794	4,395075	0,2732383	0,2168292	0,01720789	0,2193393	0,0008457399	0,06800567	0,01806926	0,009105632	8,345083	42,41907	19,40384	0,02748737	6,778625	2,742652	8,75119	11,35034	0,7353278	6,779485	8,901414	0,5184576	2,741147	49,79731	3,756998	214,495	49,85537	0,1039751	13,84889	196,9003	0,3201029	0,5341449	1,646347	0,2742041	0,05178532	0,01511219	7,734053	2,784517	10,10817	11,6619	7,390726	2,911249	9,764315	12,06464	6,507864	2,555911	7,202538	11,15253	2,011695	1,311828	4,520444	50,15965	6,531756	1,209105	6,437736	7,05118	6,778625	2,742652	8,75119	11,35034	7,734049	2,809268	11,66191	10,10817	7,390724	2,866029	12,06464	9,764315	6,507867	2,423109	11,15253	7,202538	2,864729	1,064619	3,926114	4,419604	0,6564797	0,336389	1,421771	1,298022	2,476877	0,4123662	2,510808	2,945933	0,004802771
Mini	6,552	6,597134	2,7405	18,7005	15,3798	15,41669	4,258365	14,24004	14,40894	7,29576	16,69449	1,517768	1,953713	0,8598542	1,942857	0,01219512	1,178291	0,2423402	0,9527578	45,28439	243,5949	-53,715	0,84	102,4697	3,281846	70,	126,	-1,266421	102,4762	98,12305	-0,9489592	3,290365	10,8265	1,255302	50,18129	10,39635	0,2751992	206,6438	39,7389	3,199492	4,135433	0,7079915	1,107433	-0,5146233	0,9243992	116,7791	3,081201	82,	141,	103,0791	3,678366	66,	128,	87,55487	4,123761	60,	111,	18,76968	1,867564	0,	28,	24,14308	3,104952	7,	40,	102,4697	3,281846	70,	126,	100,8919	2,652328	49,	120,	117,624	3,416394	60,	140,	136,5594	4,242442	87,99999	157,	44,49009	1,252444	29,45409	54,40583	1,168714	0,06999946	-1,74062	1,720423	8,208681	0,03027121	6,241054	6,906628	0,03852662
Maxi	8,528	8,687901	3,7555	23,6325	19,485	19,46052	5,35341	22,50539	22,93819	15,40888	36,51949	2,765903	3,037037	0,9419559	3,037037	0,01587302	1,492735	0,3201418	0,9908535	81,54476	434,9823	24,88794	0,95	136,0952	15,4156	115,	189,	1,680751	136,0945	134,8457	1,413434	15,40693	237,3735	16,96823	1122,844	243,9873	0,6785015	274,5975	961,8788	4,506337	6,252061	8,114227	2,213478	-0,3154977	0,9876431	154,1082	15,57467	135,	206,	137,376	16,62121	115,	195,	118,4406	14,4774	98,	167,	26,6609	7,740323	17,	253,	45,7723	8,401005	30,	63,	136,0952	15,4156	115,	189,	138,2209	17,59075	114,	173,	151,9209	19,20801	127,	189,	167,4451	16,43968	144,	195,	58,12553	6,960781	49,76249	79,00787	4,310415	1,501217	3,912725	7,765298	16,32971	1,6609	15,42766	18,69446	0,06088864
% à 2,00 x écart type	94,4	94,4	91,7	91,7	91,7	91,7	94,4	94,4	94,4	91,7	94,4	94,4	97,2	94,4	97,2	94,4	88,9	94,4	94,4	94,4	94,4	91,7	97,2	94,4	97,2	97,2	97,2	97,2	94,4	94,4	94,4	97,2	97,2	94,4	94,4	97,2	97,2	94,4	97,2	97,2	94,4	94,4	97,2	94,4	94,4	97,2	97,2	97,2	94,4	97,2	97,2	97,2	97,2	91,7	97,2	97,2	97,2	97,2	94,4	91,7	94,4	97,2	94,4	97,2	100,0	94,4	97,2	97,2	97,2	97,2	94,4	94,4	97,2	97,2	97,2	97,2	97,2	91,7	94,4	97,2	97,2	97,2	97,2	97,2	97,2	97,2	97,2	97,2	91,7	100,0	94,4	100,0	97,2	94,44444
