Date	Heure début	Heure fin	ID Programme	ID Lot	Utilisateur	ID Variété	ID Sous variété	Code variété	Masse totale mesurée	Nb mesures	Nb graines	PMG	Masse Surfacique (gr/mm2)	Masse ext.	PMG ext.	Classifieur	Masse analysée	%Clas. NI (nb)	%Clas. NI (masse)	Masse Clas. NI	Nb Clas. NI	PMG Clas. NI	%Clas. C1 (nb)	%Clas. C1 (masse)	Masse Clas. C1	Nb Clas. C1	PMG Clas. C1	%Clas. C2 (nb)	%Clas. C2 (masse)	Masse Clas. C2	Nb Clas. C2	PMG Clas. C2	%Clas. C3 (nb)	%Clas. C3 (masse)	Masse Clas. C3	Nb Clas. C3	PMG Clas. C3	%Clas. C4 (nb)	%Clas. C4 (masse)	Masse Clas. C4	Nb Clas. C4	PMG Clas. C4	Dossier Mesure
22/11/2022	11:09:45	11:09:45	Blé dur - Métrologie complète + classification cassés	341_344_345	Mecarnot	Blé dur	Standard	0101	1,830	1	36	50,833	0,002738679	0,000	0,000	Graines entiers et cassés_test	1,830	0,0	0,0	0,000	0	0,000	100,0	100,0	1,830	36	50,833	0,0	0,0	0,000	0	0,000	0,0	0,0	0,000	0	0,000	0,0	0,0	0,000	0	0,000	2022-11-22_110945_0101_Mecarnot_341_344_345



Mesure	Longueur (mm)	Longueur intérieure (mm)	Largeur (mm)	Périmètre (mm)	Périmètre de Crofton (mm)	Périmètre convexe (mm)	Dimètre Eq. (mm)	Surface (mm2)	Surface convexe (mm2)	Surface DiffCAP (mm2)	Surface DiffCEN (mm2)	Surface DiffEAP (mm2)	Finesse	Excentricité	F. Feret	Compacité	Circularité	Rugosité	Index de courbure	Moment inertie 1	Moment inertie 2	Moment inertie 3	Symétrie	Moyenne ndg	Ecart type ndg	Minimum ndg	Maximum ndg	Histo. Kurtose	Histo. Moyenne	Histo. Pic	Histo. Assymétrie	Histo. Ecart type	Histo. Variance	Cooc. Contraste	Cooc. Corrélation	Cooc. Variance globale	Cooc. Homogénéïté	Cooc. Somme des moyennes	Cooc. Somme des variances	Cooc. Somme des entropies	Cooc. Entropie globale	Cooc. Ecart variance	Cooc. Ecart entropie	Cooc. Corrélation IC1	Cooc. Corrélation IC2	RVB R Moy	RVB R Ect	RVB R Min	RVB R Max	RVB V Moy	RVB V Ect	RVB V Min	RVB V Max	RVB B Moy	RVB B Ect	RVB B Min	RVB B Max	TSI T Moy	TSI T Ect	TSI T Min	TSI T Max	TSI S Moy	TSI S Ect	TSI S Min	TSI S Max	TSI I Moy	TSI I Ect	TSI I Min	TSI I Max	CMJ C Moy	CMJ C Ect	CMJ C Min	CMJ C Max	CMJ M Moy	CMJ M Ect	CMJ M Min	CMJ M Max	CMJ J Moy	CMJ J Ect	CMJ J Min	CMJ J Max	Lab L Moy	Lab L Ect	Lab L Min	Lab L Max	Lab a Moy	Lab a Ect	Lab a Min	Lab a Max	Lab b Moy	Lab b Ect	Lab b Min	Lab b Max	Poids estimé (gr)
Moyenne	7,795475	7,839031	3,168866	21,45192	17,82187	17,82772	4,850352	18,56126	18,66389	11,41114	28,34795	1,997383	2,416379	0,9147682	2,414087	0,01338154	1,371543	0,284411	0,9825217	58,58902	349,5519	3,799342	0,8947222	129,0226	8,16805	111,4722	151,5	0,3012706	129,0301	126,1369	0,407824	8,164807	73,50837	5,511209	269,1533	73,19123	0,4493541	260,0432	287,2537	3,970178	5,215336	2,042982	1,578319	-0,4263996	0,9666404	146,9149	7,560427	128,6944	166,9167	130,7337	8,945605	110,6389	155,1944	109,413	8,870173	91,91666	135,7222	24,39107	2,663625	14,58333	34,22222	38,99211	6,188177	18,13889	52,08333	129,0226	8,16805	111,4722	151,5	108,0851	7,512062	88,08334	126,3056	124,2663	8,752603	99,80556	144,3611	145,587	8,936244	119,2778	163,0833	55,54024	3,256391	47,87188	64,53934	2,629827	0,6076801	0,9831368	4,053638	13,78651	1,050695	10,80994	13,99066	0,05083333
Ecart type	0,4271906	0,4317085	0,3139358	1,302651	1,044204	1,019056	0,3324344	2,554813	2,583361	1,403077	3,33557	0,3166804	0,1898413	0,0167802	0,1926142	0,000740534	0,07234575	0,02397882	0,005735	11,79745	39,26414	20,46474	0,02576455	6,907725	2,615538	7,05725	8,281506	1,397932	6,904126	8,983942	0,6445922	2,616159	47,79972	4,32874	209,9734	49,4331	0,1215591	14,18213	195,1698	0,3199738	0,5517221	1,203462	0,2762224	0,05558521	0,01467257	7,030245	3,088446	8,006315	9,956503	7,372481	2,969362	7,663596	9,02718	6,611907	1,903429	6,179604	7,358333	1,328367	0,451679	2,498611	3,496912	3,12382	1,164444	3,449258	3,925522	6,907725	2,615538	7,05725	8,281506	7,030241	2,36222	9,956503	8,006315	7,372477	2,203893	9,027183	7,663596	6,611901	1,990299	7,358334	6,179604	2,801214	0,8442658	3,03414	3,365759	0,623184	0,2706918	1,26837	1,087187	1,13421	0,5411937	1,899557	2,342489	0,006996812
Mini	6,76	6,810708	2,639	18,495	15,35616	15,44472	4,188342	13,77558	13,80725	8,397707	20,79608	1,616857	2,	0,8718201	2,	0,01204819	1,228519	0,241125	0,9708416	42,44272	263,6278	-45,8143	0,85	113,697	3,843019	86,	135,	-1,18272	113,7074	108,9023	-1,606112	3,829275	14,66334	0,9165645	49,92146	14,82273	0,1917549	228,5591	58,37436	3,279834	3,935835	0,4594889	0,981478	-0,5380908	0,9301521	133,0848	3,447832	95,	143,	114,3751	4,220775	83,	137,	93,32298	5,288665	76,	121,	21,28256	1,671442	9,	27,	33,81462	3,700387	12,	44,	113,697	3,843019	86,	135,	94,37501	2,878993	66,99999	114,	109,3306	3,699389	80,99999	130,	131,1441	6,506876	98,99999	153,	49,41549	1,394936	36,25477	57,55675	1,293755	0,1390426	-2,847345	2,058563	11,85377	0,3231668	5,905815	6,355167	0,03772689
Maxi	8,632	8,733187	3,9585	24,4545	20,09311	20,01282	5,624033	24,83827	25,0705	14,07916	34,63429	2,702452	2,884615	0,9444659	2,884615	0,01538462	1,530236	0,3271647	0,9925144	88,00233	431,8522	51,65258	0,94	143,3992	15,23649	126,	168,	4,422091	143,405	154,0664	1,707948	15,23017	231,9581	18,72411	1004,658	238,358	0,6860121	289,7946	947,0951	4,621982	6,169512	5,268247	2,151412	-0,3101198	0,9907444	160,625	15,66472	141,	188,	145,6694	17,03314	125,	174,	123,8559	13,44693	102,	156,	26,80829	3,619033	19,	45,	48,27293	8,520205	26,	64,	143,3992	15,23649	126,	168,	121,9152	14,9398	112,	160,	140,6249	13,96277	118,	172,	161,677	14,86735	134,	179,	61,17301	5,642023	53,26463	70,95323	4,01526	1,177068	3,462121	6,800793	17,44467	2,402872	13,79244	18,07757	0,06802405
% à 2,00 x écart type	97,2	94,4	97,2	94,4	91,7	94,4	97,2	97,2	97,2	97,2	97,2	88,9	94,4	94,4	91,7	97,2	97,2	100,0	97,2	94,4	94,4	86,1	100,0	94,4	97,2	94,4	100,0	91,7	94,4	97,2	91,7	97,2	97,2	91,7	94,4	97,2	97,2	94,4	97,2	91,7	94,4	91,7	91,7	94,4	91,7	100,0	97,2	97,2	94,4	91,7	97,2	94,4	94,4	94,4	94,4	91,7	94,4	97,2	94,4	97,2	94,4	94,4	94,4	97,2	91,7	94,4	97,2	94,4	100,0	100,0	97,2	94,4	97,2	91,7	91,7	94,4	94,4	94,4	97,2	94,4	91,7	94,4	94,4	94,4	94,4	94,4	91,7	97,2	94,4	97,2	97,2	94,4	97,2	97,22222
