Date	Heure début	Heure fin	ID Programme	ID Lot	Utilisateur	ID Variété	ID Sous variété	Code variété	Masse totale mesurée	Nb mesures	Nb graines	PMG	Masse Surfacique (gr/mm2)	Masse ext.	PMG ext.	Classifieur	Masse analysée	%Clas. NI (nb)	%Clas. NI (masse)	Masse Clas. NI	Nb Clas. NI	PMG Clas. NI	%Clas. C1 (nb)	%Clas. C1 (masse)	Masse Clas. C1	Nb Clas. C1	PMG Clas. C1	%Clas. C2 (nb)	%Clas. C2 (masse)	Masse Clas. C2	Nb Clas. C2	PMG Clas. C2	%Clas. C3 (nb)	%Clas. C3 (masse)	Masse Clas. C3	Nb Clas. C3	PMG Clas. C3	%Clas. C4 (nb)	%Clas. C4 (masse)	Masse Clas. C4	Nb Clas. C4	PMG Clas. C4	Dossier Mesure
22/11/2022	09:59:09	09:59:09	Blé dur - Métrologie complète + classification cassés	244_250_251	Mecarnot	Blé dur	Standard	0101	1,660	1	36	46,111	0,002528524	0,000	0,000	Graines entiers et cassés_test	1,660	0,0	0,0	0,000	0	0,000	100,0	100,0	1,660	36	46,111	0,0	0,0	0,000	0	0,000	0,0	0,0	0,000	0	0,000	0,0	0,0	0,000	0	0,000	2022-11-22_095909_0101_Mecarnot_244_250_251



Mesure	Longueur (mm)	Longueur intérieure (mm)	Largeur (mm)	Périmètre (mm)	Périmètre de Crofton (mm)	Périmètre convexe (mm)	Dimètre Eq. (mm)	Surface (mm2)	Surface convexe (mm2)	Surface DiffCAP (mm2)	Surface DiffCEN (mm2)	Surface DiffEAP (mm2)	Finesse	Excentricité	F. Feret	Compacité	Circularité	Rugosité	Index de courbure	Moment inertie 1	Moment inertie 2	Moment inertie 3	Symétrie	Moyenne ndg	Ecart type ndg	Minimum ndg	Maximum ndg	Histo. Kurtose	Histo. Moyenne	Histo. Pic	Histo. Assymétrie	Histo. Ecart type	Histo. Variance	Cooc. Contraste	Cooc. Corrélation	Cooc. Variance globale	Cooc. Homogénéïté	Cooc. Somme des moyennes	Cooc. Somme des variances	Cooc. Somme des entropies	Cooc. Entropie globale	Cooc. Ecart variance	Cooc. Ecart entropie	Cooc. Corrélation IC1	Cooc. Corrélation IC2	RVB R Moy	RVB R Ect	RVB R Min	RVB R Max	RVB V Moy	RVB V Ect	RVB V Min	RVB V Max	RVB B Moy	RVB B Ect	RVB B Min	RVB B Max	TSI T Moy	TSI T Ect	TSI T Min	TSI T Max	TSI S Moy	TSI S Ect	TSI S Min	TSI S Max	TSI I Moy	TSI I Ect	TSI I Min	TSI I Max	CMJ C Moy	CMJ C Ect	CMJ C Min	CMJ C Max	CMJ M Moy	CMJ M Ect	CMJ M Min	CMJ M Max	CMJ J Moy	CMJ J Ect	CMJ J Min	CMJ J Max	Lab L Moy	Lab L Ect	Lab L Min	Lab L Max	Lab a Moy	Lab a Ect	Lab a Min	Lab a Max	Lab b Moy	Lab b Ect	Lab b Min	Lab b Max	Poids estimé (gr)
Moyenne	7,609004	7,698312	3,109847	20,98954	17,57372	17,60314	4,811058	18,23637	18,33401	11,05648	26,49876	1,991016	2,398206	0,9117299	2,393604	0,01371216	1,354032	0,2856189	0,976575	57,64042	338,6815	-3,685735	0,895	126,1587	8,969181	105,6111	149,3333	-0,2054455	126,1637	123,7465	0,2614599	8,972221	90,29248	7,452449	209,9987	89,78502	0,3967894	254,1961	351,6876	4,097256	5,481367	2,643738	1,71226	-0,4077704	0,9655141	142,2695	8,58731	121,0278	164,3611	127,2624	9,875725	104,0556	153,0278	108,9399	9,245955	89,02778	134,1389	23,54035	3,195572	12,36111	34,66667	35,04947	5,789701	16,58333	48,80556	126,1587	8,969181	105,6111	149,3333	112,7305	8,19905	90,63889	133,9722	127,7376	9,470676	101,9722	150,9444	146,0601	8,725641	120,8611	165,9722	54,12342	3,553171	45,17752	63,6776	2,642583	0,7844261	0,9460607	4,225647	12,04699	0,8704877	9,682621	12,66852	0,04611111
Ecart type	0,4261749	0,4294189	0,2464878	1,174683	0,9586663	0,9377728	0,2764379	2,09305	2,071169	1,291242	3,524478	0,2271202	0,1766232	0,01459261	0,1761987	0,0007900827	0,06926876	0,03324973	0,01157093	8,651684	37,72916	14,70066	0,0267187	11,23533	3,131954	11,3536	12,64032	0,8040285	11,23714	11,47597	0,3812457	3,129175	62,99822	5,194129	163,0817	63,53728	0,1259564	22,77172	250,9908	0,3588407	0,624203	1,54343	0,3034846	0,0592479	0,01506292	11,66537	3,484551	13,29053	13,91672	11,81595	3,444631	11,8508	13,30515	10,35806	2,596556	9,181764	11,53052	1,574656	0,6613643	3,690474	3,341656	2,660955	1,344324	4,54224	3,430415	11,23533	3,131954	11,3536	12,64032	11,66537	2,556441	13,91672	13,29053	11,81595	2,40077	13,30515	11,8508	10,35806	1,809327	11,53052	9,181764	4,536737	0,9329036	4,861763	4,978447	0,6303152	0,3158148	1,197719	1,301133	1,111556	0,5146976	1,994493	2,122758	0,005292327
Mini	6,582342	6,699111	2,639	18,495	15,58442	15,55463	4,289815	14,45116	14,43005	8,091871	18,19233	1,61306	2,	0,8741347	2,	0,01234568	1,236064	0,2335776	0,9469828	44,18691	250,2507	-36,7261	0,85	110,6721	4,702434	79,	132,	-1,088856	110,6812	107,1367	-0,2795643	4,716055	22,24117	1,626799	28,20154	21,30223	0,1949137	222,8959	82,71227	3,433743	4,330859	0,7532388	1,211987	-0,5159966	0,9251637	125,3851	3,513721	88,	144,	110,5661	5,052683	76,	134,	95,76916	4,929627	69,	120,	18,78441	2,100523	0,	28,	29,44219	2,990344	8,	43,	110,6721	4,702434	79,	132,	90,25001	4,387194	63,	116,	103,861	4,65919	73,99999	133,	123,0781	6,272298	91,99999	148,	47,63623	1,828987	33,37461	56,47086	1,050887	0,1301978	-1,598325	1,621008	9,855122	0,04939651	4,217345	8,714251	0,03654011
Maxi	8,424	8,415252	3,5525	23,427	19,29017	19,20388	5,359684	22,55817	22,55817	13,55546	32,70367	2,432027	2,740741	0,9393338	2,740741	0,01579985	1,560771	0,3582733	0,9958068	74,93905	398,1451	29,97347	0,94	149,1783	16,11505	123,	177,	2,011667	149,1757	146,1836	1,299291	16,11797	259,7889	20,00743	654,5818	252,9584	0,6365035	300,8232	995,5569	4,774017	6,603085	6,16854	2,239589	-0,2824431	0,9920726	164,75	16,16324	139,	192,	151,139	17,5665	122,	181,	131,9219	16,2799	107,	163,	27,62407	4,818201	17,	41,	40,86581	8,626377	28,	59,	149,1783	16,11505	123,	177,	129,6148	13,96582	111,	167,	144,4339	15,31502	121,	179,	159,2309	14,82818	135,	186,	63,17731	6,009232	52,17356	74,12484	4,231169	1,585972	4,122011	7,008104	15,00036	2,632726	12,44032	17,27307	0,05703888
% à 2,00 x écart type	97,2	97,2	100,0	94,4	94,4	97,2	100,0	97,2	97,2	97,2	94,4	100,0	97,2	94,4	97,2	97,2	94,4	97,2	94,4	100,0	97,2	91,7	100,0	94,4	97,2	97,2	97,2	94,4	94,4	100,0	97,2	97,2	91,7	94,4	94,4	91,7	100,0	97,2	91,7	100,0	100,0	94,4	100,0	97,2	97,2	100,0	94,4	94,4	100,0	97,2	97,2	94,4	97,2	94,4	94,4	97,2	94,4	94,4	97,2	94,4	100,0	91,7	91,7	94,4	97,2	94,4	97,2	97,2	97,2	100,0	94,4	100,0	94,4	97,2	91,7	97,2	94,4	94,4	94,4	94,4	97,2	100,0	97,2	94,4	97,2	91,7	94,4	91,7	94,4	97,2	97,2	94,4	97,2	97,22222
