Date	Heure début	Heure fin	ID Programme	ID Lot	Utilisateur	ID Variété	ID Sous variété	Code variété	Masse totale mesurée	Nb mesures	Nb graines	PMG	Masse Surfacique (gr/mm2)	Masse ext.	PMG ext.	Classifieur	Masse analysée	%Clas. NI (nb)	%Clas. NI (masse)	Masse Clas. NI	Nb Clas. NI	PMG Clas. NI	%Clas. C1 (nb)	%Clas. C1 (masse)	Masse Clas. C1	Nb Clas. C1	PMG Clas. C1	%Clas. C2 (nb)	%Clas. C2 (masse)	Masse Clas. C2	Nb Clas. C2	PMG Clas. C2	%Clas. C3 (nb)	%Clas. C3 (masse)	Masse Clas. C3	Nb Clas. C3	PMG Clas. C3	%Clas. C4 (nb)	%Clas. C4 (masse)	Masse Clas. C4	Nb Clas. C4	PMG Clas. C4	Dossier Mesure
22/11/2022	11:28:11	11:28:11	Blé dur - Métrologie complète + classification cassés	366_367_368	Mecarnot	Blé dur	Standard	0101	1,890	1	36	52,500	0,002687719	0,000	0,000	Graines entiers et cassés_test	1,890	0,0	0,0	0,000	0	0,000	100,0	100,0	1,890	36	52,500	0,0	0,0	0,000	0	0,000	0,0	0,0	0,000	0	0,000	0,0	0,0	0,000	0	0,000	2022-11-22_112811_0101_Mecarnot_366_367_368



Mesure	Longueur (mm)	Longueur intérieure (mm)	Largeur (mm)	Périmètre (mm)	Périmètre de Crofton (mm)	Périmètre convexe (mm)	Dimètre Eq. (mm)	Surface (mm2)	Surface convexe (mm2)	Surface DiffCAP (mm2)	Surface DiffCEN (mm2)	Surface DiffEAP (mm2)	Finesse	Excentricité	F. Feret	Compacité	Circularité	Rugosité	Index de courbure	Moment inertie 1	Moment inertie 2	Moment inertie 3	Symétrie	Moyenne ndg	Ecart type ndg	Minimum ndg	Maximum ndg	Histo. Kurtose	Histo. Moyenne	Histo. Pic	Histo. Assymétrie	Histo. Ecart type	Histo. Variance	Cooc. Contraste	Cooc. Corrélation	Cooc. Variance globale	Cooc. Homogénéïté	Cooc. Somme des moyennes	Cooc. Somme des variances	Cooc. Somme des entropies	Cooc. Entropie globale	Cooc. Ecart variance	Cooc. Ecart entropie	Cooc. Corrélation IC1	Cooc. Corrélation IC2	RVB R Moy	RVB R Ect	RVB R Min	RVB R Max	RVB V Moy	RVB V Ect	RVB V Min	RVB V Max	RVB B Moy	RVB B Ect	RVB B Min	RVB B Max	TSI T Moy	TSI T Ect	TSI T Min	TSI T Max	TSI S Moy	TSI S Ect	TSI S Min	TSI S Max	TSI I Moy	TSI I Ect	TSI I Min	TSI I Max	CMJ C Moy	CMJ C Ect	CMJ C Min	CMJ C Max	CMJ M Moy	CMJ M Ect	CMJ M Min	CMJ M Max	CMJ J Moy	CMJ J Ect	CMJ J Min	CMJ J Max	Lab L Moy	Lab L Ect	Lab L Min	Lab L Max	Lab a Moy	Lab a Ect	Lab a Min	Lab a Max	Lab b Moy	Lab b Ect	Lab b Min	Lab b Max	Poids estimé (gr)
Moyenne	7,86413	7,930827	3,278202	21,82867	18,11407	18,13406	4,974776	19,53329	19,66026	11,63759	28,50044	2,001395	2,367698	0,9061997	2,366426	0,01332183	1,346936	0,2798217	0,9795691	63,28697	357,8068	0,5402182	0,9	121,2705	8,976499	100,6667	145,7222	0,0925157	121,2713	119,3857	0,1201185	8,973923	85,918	6,523851	178,6977	84,18117	0,4334295	244,2218	330,2008	4,099682	5,437228	2,645362	1,670896	-0,4221014	0,9692435	137,3013	7,944002	117,2222	158,8333	121,6963	9,721012	99,	148,8333	104,8156	9,997669	83,63889	132,6667	22,11623	3,810647	9,944445	59,47222	34,84555	6,654356	15,16667	50,58333	121,2705	8,976499	100,6667	145,7222	117,6987	8,152425	96,16666	137,7778	133,3037	9,731497	106,1667	156,	150,1844	9,520722	122,3333	171,3611	52,04496	3,631618	43,25562	62,05247	3,160764	0,7733233	0,8963879	4,774439	11,43617	0,8153632	9,524931	11,74822	0,05250001
Ecart type	0,6661723	0,6561238	0,3500433	1,585232	1,33968	1,329362	0,3547407	2,696181	2,729225	2,371653	6,482226	0,3832535	0,3232265	0,02482992	0,3248194	0,001151895	0,1061863	0,03168627	0,01048074	12,5832	63,10515	16,78459	0,03519785	8,597603	2,321421	10,35482	8,050573	1,492588	8,597765	11,14385	0,6215802	2,320927	42,52578	4,484363	139,3055	42,67939	0,1096643	17,43661	167,5118	0,286909	0,5298129	1,595882	0,28873	0,06118656	0,01350401	9,310791	2,399227	11,41663	9,142392	9,554457	2,535217	11,55662	9,178781	7,164617	2,194998	8,172286	6,794605	2,347124	2,254948	5,131301	67,87754	2,92129	1,098188	4,561311	3,269174	8,597603	2,321421	10,35482	8,050573	9,310802	2,241984	9,142395	11,41663	9,554455	2,057955	9,178782	11,55662	7,164624	1,63567	6,794606	8,172286	3,661677	0,8186344	4,577242	3,383682	0,8040596	0,2972131	1,225685	1,367388	1,538599	0,4436637	2,355302	2,41547	0,007246578
Mini	6,552	6,596842	2,436	17,4675	14,61029	14,64925	3,871456	11,76994	11,79105	7,997996	19,31044	1,5013	1,856462	0,8518913	1,837838	0,01149425	1,179157	0,2345106	0,9511039	33,98621	239,682	-36,93296	0,81	109,3193	4,505222	79,	130,	-1,07305	109,3162	99,0918	-2,501711	4,508178	20,32367	1,24066	37,76072	19,27822	0,2354406	219,9986	74,92883	3,484489	4,35321	0,700192	1,103036	-0,602717	0,9355212	124,8724	3,786194	91,	142,	108,5102	5,167234	76,	131,	93,01113	5,585598	68,	119,	17,87849	2,156321	0,	28,	28,79032	4,63371	4,	42,	109,3193	4,505222	79,	130,	98,49027	5,292758	77,99999	120,	114,2891	6,682645	91,99999	138,	134,0575	6,577479	110,	158,	47,0188	2,455437	33,66422	55,52129	1,273065	0,1379135	-1,693746	1,382773	8,460525	0,310667	5,271892	5,951138	0,03163429
Maxi	9,048	9,030323	3,9585	24,66	20,40207	20,35582	5,586863	24,51103	24,41603	15,97129	42,85797	3,520478	3,5	0,9603235	3,5	0,01587302	1,746779	0,3762872	0,9974623	90,43336	462,1928	47,75745	0,94	138,3603	14,17068	116,	160,	7,49542	138,3526	139,9082	0,9527289	14,16446	200,632	18,12557	651,6248	200,998	0,6809093	278,9247	789,6572	4,562919	6,335732	6,934395	2,218754	-0,3288178	0,9882367	156,5097	12,44725	135,	177,	140,711	15,44957	117,	163,	120,9425	15,18639	97,	145,	26,44041	12,53498	18,	253,	40,82645	8,837011	23,	58,	138,3603	14,17068	116,	160,	130,1277	16,76808	113,	164,	146,4898	16,73091	124,	179,	161,9889	12,73866	136,	187,	59,2243	6,689928	50,18289	67,49517	4,471382	1,705599	3,311305	8,013298	15,32337	2,391352	15,45679	16,58044	0,06587876
% à 2,00 x écart type	100,0	97,2	94,4	97,2	97,2	97,2	94,4	97,2	97,2	100,0	97,2	94,4	97,2	94,4	97,2	97,2	97,2	97,2	94,4	91,7	100,0	91,7	94,4	100,0	97,2	97,2	100,0	97,2	100,0	100,0	97,2	97,2	97,2	94,4	94,4	97,2	97,2	100,0	97,2	97,2	97,2	88,9	100,0	97,2	97,2	97,2	100,0	97,2	100,0	100,0	97,2	100,0	100,0	97,2	91,7	100,0	97,2	100,0	91,7	100,0	88,9	94,4	100,0	97,2	94,4	100,0	97,2	97,2	100,0	97,2	97,2	100,0	97,2	100,0	97,2	100,0	100,0	97,2	100,0	97,2	100,0	100,0	97,2	97,2	100,0	94,4	94,4	97,2	94,4	97,2	94,4	94,4	94,4	97,22222
