Date	Heure début	Heure fin	ID Programme	ID Lot	Utilisateur	ID Variété	ID Sous variété	Code variété	Masse totale mesurée	Nb mesures	Nb graines	PMG	Masse Surfacique (gr/mm2)	Masse ext.	PMG ext.	Classifieur	Masse analysée	%Clas. NI (nb)	%Clas. NI (masse)	Masse Clas. NI	Nb Clas. NI	PMG Clas. NI	%Clas. C1 (nb)	%Clas. C1 (masse)	Masse Clas. C1	Nb Clas. C1	PMG Clas. C1	%Clas. C2 (nb)	%Clas. C2 (masse)	Masse Clas. C2	Nb Clas. C2	PMG Clas. C2	%Clas. C3 (nb)	%Clas. C3 (masse)	Masse Clas. C3	Nb Clas. C3	PMG Clas. C3	%Clas. C4 (nb)	%Clas. C4 (masse)	Masse Clas. C4	Nb Clas. C4	PMG Clas. C4	Dossier Mesure
21/11/2022	14:30:41	14:30:41	Blé dur - Métrologie complète + classification cassés	85_89_91	Mecarnot	Blé dur	Standard	0101	1,720	1	36	47,778	0,002638755	0,000	0,000	Graines entiers et cassés_test	1,720	0,0	0,0	0,000	0	0,000	97,2	97,9	1,683	35	48,096	2,8	2,1	0,037	1	36,657	0,0	0,0	0,000	0	0,000	0,0	0,0	0,000	0	0,000	2022-11-21_143041_0101_Mecarnot_85_89_91



Mesure	Longueur (mm)	Longueur intérieure (mm)	Largeur (mm)	Périmètre (mm)	Périmètre de Crofton (mm)	Périmètre convexe (mm)	Dimètre Eq. (mm)	Surface (mm2)	Surface convexe (mm2)	Surface DiffCAP (mm2)	Surface DiffCEN (mm2)	Surface DiffEAP (mm2)	Finesse	Excentricité	F. Feret	Compacité	Circularité	Rugosité	Index de courbure	Moment inertie 1	Moment inertie 2	Moment inertie 3	Symétrie	Moyenne ndg	Ecart type ndg	Minimum ndg	Maximum ndg	Histo. Kurtose	Histo. Moyenne	Histo. Pic	Histo. Assymétrie	Histo. Ecart type	Histo. Variance	Cooc. Contraste	Cooc. Corrélation	Cooc. Variance globale	Cooc. Homogénéïté	Cooc. Somme des moyennes	Cooc. Somme des variances	Cooc. Somme des entropies	Cooc. Entropie globale	Cooc. Ecart variance	Cooc. Ecart entropie	Cooc. Corrélation IC1	Cooc. Corrélation IC2	RVB R Moy	RVB R Ect	RVB R Min	RVB R Max	RVB V Moy	RVB V Ect	RVB V Min	RVB V Max	RVB B Moy	RVB B Ect	RVB B Min	RVB B Max	TSI T Moy	TSI T Ect	TSI T Min	TSI T Max	TSI S Moy	TSI S Ect	TSI S Min	TSI S Max	TSI I Moy	TSI I Ect	TSI I Min	TSI I Max	CMJ C Moy	CMJ C Ect	CMJ C Min	CMJ C Max	CMJ M Moy	CMJ M Ect	CMJ M Min	CMJ M Max	CMJ J Moy	CMJ J Ect	CMJ J Min	CMJ J Max	Lab L Moy	Lab L Ect	Lab L Min	Lab L Max	Lab a Moy	Lab a Ect	Lab a Min	Lab a Max	Lab b Moy	Lab b Ect	Lab b Min	Lab b Max	Poids estimé (gr)
Moyenne	7,691588	7,767447	3,069366	21,08087	17,63812	17,66048	4,787893	18,10618	18,25338	11,41392	27,80888	1,990996	2,452209	0,9173729	2,450977	0,01360737	1,376806	0,280199	0,9784616	55,81456	347,6147	9,261733	0,9011112	128,1847	8,699792	108,75	152,3889	0,3240053	128,1829	126,2331	0,3586098	8,69649	82,53805	7,116546	238,0721	81,17399	0,3986712	258,3922	317,5794	4,049824	5,450624	2,789649	1,738903	-0,3951803	0,9614729	145,5067	8,294559	125,5833	167,5556	129,3354	9,440014	107,5	156,1389	109,7085	9,026964	90,36111	136,0278	23,56322	2,771239	13,66667	33,33333	37,07385	5,428541	20,19444	50,69444	128,1847	8,699792	108,75	152,3889	109,4933	8,34547	87,44444	129,4167	125,6646	9,688569	98,86111	147,5	145,2915	9,191395	118,9722	164,6389	55,02893	3,618317	46,63744	64,84895	2,902525	0,7693782	0,7732465	4,325583	12,8977	0,7905658	10,76723	13,49571	0,04777778
Ecart type	0,6033234	0,619836	0,252566	1,60893	1,341788	1,349083	0,3646799	2,72877	2,744993	1,939366	4,859927	0,3725812	0,1680412	0,01341858	0,1660005	0,001102902	0,07002194	0,02126067	0,008011394	9,458847	56,94141	17,45746	0,02855577	8,394292	2,626607	10,10604	9,108231	1,479462	8,390262	9,498242	0,660391	2,62851	48,58233	3,622966	210,5489	48,29322	0,09756814	17,10851	191,6208	0,3328157	0,5331792	1,272115	0,2364071	0,05060478	0,01754929	7,926752	3,180535	11,75768	9,967849	9,012007	2,787316	10,72251	9,618134	8,565569	2,108088	8,466118	7,875722	1,595031	0,5198612	2,848001	2,788867	3,927862	0,8979359	4,43358	4,581481	8,394292	2,626607	10,10604	9,108231	7,926755	3,212057	9,967849	11,75768	9,012002	2,776206	9,618137	10,72251	8,565576	2,015631	7,875723	8,466118	3,36551	1,139561	4,386345	3,569509	0,8379262	0,3108951	1,106568	1,63062	1,141029	0,4895384	1,859624	1,819236	0,007200556
Mini	6,344	6,351954	2,436	17,4675	14,82875	14,88087	3,938581	12,18162	12,42441	7,522168	16,92388	1,560158	2,178571	0,8895431	2,178571	0,01176471	1,259446	0,2411082	0,961549	34,96924	230,4491	-28,16093	0,82	112,2307	4,106272	65,	138,	-1,063524	112,2495	112,0449	-2,280431	4,095191	16,77059	1,761905	33,84996	14,84765	0,2430944	226,1749	57,6287	3,27446	4,037845	1,001099	1,199081	-0,4841909	0,9161366	129,8738	3,344893	72,	154,	112,3014	4,567591	63,	141,	94,49116	4,65623	59,	123,	21,37942	1,695011	6,	28,	28,34039	3,752098	9,	42,	112,2307	4,106272	65,	138,	91,92597	3,581416	63,	115,	103,8035	4,792577	73,99999	131,	122,9597	6,260132	98,99999	149,	48,52084	1,851265	27,43132	59,47792	0,5450589	0,2113271	-0,9294722	1,623906	10,24891	0,1570431	3,865629	9,910106	0,03214432
Maxi	8,84	8,93365	3,5525	24,249	20,27409	20,40818	5,590471	24,5427	24,61659	16,15191	39,61361	3,100525	2,88	0,9459822	2,88	0,01639344	1,546213	0,349658	0,9942929	78,14333	484,3635	54,53383	0,95	148,7648	14,87601	124,	176,	6,659042	148,7628	145,8652	1,609816	14,87275	221,1988	18,6524	860,942	216,7211	0,647214	300,2292	854,9346	4,675847	6,304188	6,632823	2,203707	-0,2792934	0,9888828	163,074	14,86318	140,	192,	151,1965	15,72486	124,	181,	132,0403	14,52693	106,	156,	28,38029	3,799464	18,	39,	45,2756	7,262787	30,	59,	148,7648	14,87601	124,	176,	125,1262	21,04983	101,	183,	142,6985	19,07491	114,	192,	160,5089	14,43024	132,	196,	63,05915	7,989435	52,9838	73,96824	3,974691	1,59082	3,4311	8,19881	15,43862	2,695903	13,57496	16,97931	0,06476218
% à 2,00 x écart type	94,4	97,2	94,4	97,2	94,4	94,4	94,4	94,4	94,4	94,4	94,4	94,4	91,7	88,9	94,4	94,4	94,4	94,4	97,2	94,4	94,4	94,4	97,2	94,4	94,4	94,4	94,4	94,4	94,4	97,2	97,2	94,4	94,4	97,2	91,7	94,4	94,4	94,4	94,4	91,7	91,7	94,4	94,4	97,2	97,2	94,4	94,4	94,4	94,4	94,4	94,4	94,4	97,2	94,4	91,7	97,2	94,4	97,2	97,2	94,4	94,4	88,9	97,2	94,4	100,0	94,4	94,4	94,4	94,4	94,4	97,2	94,4	94,4	94,4	97,2	97,2	94,4	94,4	94,4	94,4	97,2	94,4	97,2	94,4	94,4	94,4	97,2	97,2	91,7	91,7	97,2	97,2	100,0	94,44444
