Date	Heure début	Heure fin	ID Programme	ID Lot	Utilisateur	ID Variété	ID Sous variété	Code variété	Masse totale mesurée	Nb mesures	Nb graines	PMG	Masse Surfacique (gr/mm2)	Masse ext.	PMG ext.	Classifieur	Masse analysée	%Clas. NI (nb)	%Clas. NI (masse)	Masse Clas. NI	Nb Clas. NI	PMG Clas. NI	%Clas. C1 (nb)	%Clas. C1 (masse)	Masse Clas. C1	Nb Clas. C1	PMG Clas. C1	%Clas. C2 (nb)	%Clas. C2 (masse)	Masse Clas. C2	Nb Clas. C2	PMG Clas. C2	%Clas. C3 (nb)	%Clas. C3 (masse)	Masse Clas. C3	Nb Clas. C3	PMG Clas. C3	%Clas. C4 (nb)	%Clas. C4 (masse)	Masse Clas. C4	Nb Clas. C4	PMG Clas. C4	Dossier Mesure
22/11/2022	09:52:02	09:52:02	Blé dur - Métrologie complète + classification cassés	240_241_243	Mecarnot	Blé dur	Standard	0101	1,810	1	36	50,278	0,002704774	0,000	0,000	Graines entiers et cassés_test	1,810	0,0	0,0	0,000	0	0,000	100,0	100,0	1,810	36	50,278	0,0	0,0	0,000	0	0,000	0,0	0,0	0,000	0	0,000	0,0	0,0	0,000	0	0,000	2022-11-22_095202_0101_Mecarnot_240_241_243



Mesure	Longueur (mm)	Longueur intérieure (mm)	Largeur (mm)	Périmètre (mm)	Périmètre de Crofton (mm)	Périmètre convexe (mm)	Dimètre Eq. (mm)	Surface (mm2)	Surface convexe (mm2)	Surface DiffCAP (mm2)	Surface DiffCEN (mm2)	Surface DiffEAP (mm2)	Finesse	Excentricité	F. Feret	Compacité	Circularité	Rugosité	Index de courbure	Moment inertie 1	Moment inertie 2	Moment inertie 3	Symétrie	Moyenne ndg	Ecart type ndg	Minimum ndg	Maximum ndg	Histo. Kurtose	Histo. Moyenne	Histo. Pic	Histo. Assymétrie	Histo. Ecart type	Histo. Variance	Cooc. Contraste	Cooc. Corrélation	Cooc. Variance globale	Cooc. Homogénéïté	Cooc. Somme des moyennes	Cooc. Somme des variances	Cooc. Somme des entropies	Cooc. Entropie globale	Cooc. Ecart variance	Cooc. Ecart entropie	Cooc. Corrélation IC1	Cooc. Corrélation IC2	RVB R Moy	RVB R Ect	RVB R Min	RVB R Max	RVB V Moy	RVB V Ect	RVB V Min	RVB V Max	RVB B Moy	RVB B Ect	RVB B Min	RVB B Max	TSI T Moy	TSI T Ect	TSI T Min	TSI T Max	TSI S Moy	TSI S Ect	TSI S Min	TSI S Max	TSI I Moy	TSI I Ect	TSI I Min	TSI I Max	CMJ C Moy	CMJ C Ect	CMJ C Min	CMJ C Max	CMJ M Moy	CMJ M Ect	CMJ M Min	CMJ M Max	CMJ J Moy	CMJ J Ect	CMJ J Min	CMJ J Max	Lab L Moy	Lab L Ect	Lab L Min	Lab L Max	Lab a Moy	Lab a Ect	Lab a Min	Lab a Max	Lab b Moy	Lab b Ect	Lab b Min	Lab b Max	Poids estimé (gr)
Moyenne	7,619669	7,678954	3,173358	21,12654	17,57997	17,60629	4,851293	18,58853	18,62988	10,88693	26,33967	1,87879	2,359083	0,9078793	2,357881	0,01370972	1,333867	0,2772256	0,9804006	60,1185	337,121	2,047647	0,9063889	129,462	8,623936	108,75	151,3889	-0,3369404	129,4631	127,959	0,116116	8,643077	82,58955	6,450838	245,6475	81,85287	0,402939	261,051	320,9606	4,074833	5,445411	2,371894	1,688669	-0,4060742	0,9638665	146,1282	8,325657	125,1667	166,7778	130,8114	9,46918	107,1944	155,0556	111,4417	8,808521	91,72222	134,5556	23,90034	2,959476	13,30556	35,30556	35,67028	5,555045	19,19444	49,52778	129,462	8,623936	108,75	151,3889	108,8718	7,932917	88,22222	129,8333	124,1886	9,053898	99,94444	147,8056	143,5583	8,280985	120,4444	163,2778	55,51739	3,387132	46,54061	64,44473	2,580101	0,7734793	0,8254565	4,550198	12,59478	0,826987	10,36633	13,2043	0,05027777
Ecart type	0,5000604	0,5066587	0,3204161	1,486481	1,195584	1,19324	0,3689477	2,724563	2,753189	1,577114	3,8595	0,2261927	0,1945431	0,0171813	0,1969486	0,0009298571	0,06632447	0,02392121	0,006003122	11,70503	45,89351	16,42432	0,01974178	10,22541	2,816815	10,47053	11,88668	0,5514768	10,24147	10,87498	0,3282189	2,808338	53,89328	3,431384	253,9729	54,59649	0,1056435	20,93484	217,199	0,3364056	0,5209389	0,9962037	0,2435956	0,05960782	0,01754533	10,99128	3,35465	11,8872	14,36259	10,81547	3,056507	11,00459	12,53206	9,261946	2,353249	9,347047	9,461749	1,347363	0,6826878	2,736781	5,157624	4,206711	1,412227	5,321964	5,41339	10,22541	2,816815	10,47053	11,88668	10,99128	2,782071	14,36259	11,8872	10,81548	2,403816	12,53206	11,00459	9,26194	1,644937	9,46175	9,347047	4,146505	0,9682577	4,438112	4,770104	0,5418582	0,3793926	1,224764	1,326717	1,713614	0,5511435	2,048536	2,43351	0,007369328
Mini	6,552	6,605927	2,3345	17,673	14,80511	14,88348	3,928329	12,11829	12,07606	7,602881	19,11314	1,397502	1,969449	0,8683513	1,944444	0,01234568	1,218521	0,2361021	0,9684105	32,53571	239,7044	-51,17725	0,87	113,1332	2,97233	75,	129,	-1,118052	113,087	107,8711	-0,5780638	2,99475	8,968531	1,361489	34,63922	8,808723	0,225054	227,9904	33,87339	3,146485	3,992983	0,6495275	1,128456	-0,5253894	0,9256049	128,9319	3,130992	86,	141,	113,8205	3,444529	73,	132,	96,14723	3,79993	67,	114,	19,9852	2,166144	5,	29,	26,33387	3,526257	9,	39,	113,1332	2,97233	75,	129,	86,36104	3,087041	62,	107,	101,0759	3,568784	73,99999	123,	121,1289	4,255137	95,99999	141,	48,9362	1,346659	32,14322	56,00809	1,684504	0,1068239	-1,474569	2,222841	8,737411	0,09412766	5,614232	8,062548	0,03277724
Maxi	8,424	8,489711	3,7555	23,2215	19,38066	19,47282	5,446758	23,29709	23,20209	13,7101	33,87421	2,312249	2,826087	0,9395525	2,826087	0,01587302	1,483874	0,3192972	0,9946642	84,42976	415,4812	29,03434	0,94	152,1304	17,16189	132,	177,	1,336154	152,1188	158,0742	0,7265028	17,17	294,8087	15,08695	1476,277	297,1734	0,6711961	308,146	1182,065	4,770343	6,138298	4,534546	2,084146	-0,3039127	0,993318	168,639	17,63019	148,	193,	153,9241	18,75776	132,	181,	133,8711	15,31579	114,	159,	26,66366	4,861712	18,	55,	42,18995	8,76825	28,	62,	152,1304	17,16189	132,	177,	126,0681	17,22179	114,	169,	141,1795	16,15233	123,	182,	158,8528	11,76633	141,	188,	64,32166	6,612096	56,10114	74,11833	3,549699	1,912127	3,100105	8,516085	15,84915	2,392897	13,25233	17,82585	0,06301337
% à 2,00 x écart type	97,2	94,4	94,4	94,4	91,7	91,7	94,4	94,4	94,4	97,2	100,0	94,4	94,4	94,4	94,4	91,7	94,4	100,0	97,2	91,7	97,2	97,2	100,0	94,4	94,4	94,4	97,2	94,4	94,4	94,4	97,2	94,4	97,2	94,4	97,2	97,2	94,4	94,4	97,2	94,4	91,7	97,2	94,4	97,2	94,4	97,2	97,2	94,4	100,0	94,4	97,2	94,4	97,2	94,4	94,4	94,4	94,4	94,4	91,7	97,2	94,4	91,7	97,2	100,0	97,2	94,4	94,4	94,4	97,2	97,2	97,2	100,0	94,4	94,4	94,4	97,2	94,4	94,4	94,4	94,4	94,4	94,4	94,4	94,4	97,2	100,0	94,4	100,0	94,4	94,4	97,2	94,4	97,2	94,44444
