Date	Heure début	Heure fin	ID Programme	ID Lot	Utilisateur	ID Variété	ID Sous variété	Code variété	Masse totale mesurée	Nb mesures	Nb graines	PMG	Masse Surfacique (gr/mm2)	Masse ext.	PMG ext.	Classifieur	Masse analysée	%Clas. NI (nb)	%Clas. NI (masse)	Masse Clas. NI	Nb Clas. NI	PMG Clas. NI	%Clas. C1 (nb)	%Clas. C1 (masse)	Masse Clas. C1	Nb Clas. C1	PMG Clas. C1	%Clas. C2 (nb)	%Clas. C2 (masse)	Masse Clas. C2	Nb Clas. C2	PMG Clas. C2	%Clas. C3 (nb)	%Clas. C3 (masse)	Masse Clas. C3	Nb Clas. C3	PMG Clas. C3	%Clas. C4 (nb)	%Clas. C4 (masse)	Masse Clas. C4	Nb Clas. C4	PMG Clas. C4	Dossier Mesure
02/11/2022	14:47:25	14:47:25	Blé dur - Métrologie complète + classification cassés	16-70	Mecarnot	Blé dur	Standard	0101	1,540	1	36	42,778	0,002577446	0,000	0,000	Graines entiers et cassés_test	1,540	0,0	0,0	0,000	0	0,000	91,7	93,6	1,441	33	43,676	8,3	6,4	0,099	3	32,894	0,0	0,0	0,000	0	0,000	0,0	0,0	0,000	0	0,000	2022-11-02_144725_0101_Mecarnot_16-70



Mesure	Longueur (mm)	Longueur intérieure (mm)	Largeur (mm)	Périmètre (mm)	Périmètre de Crofton (mm)	Périmètre convexe (mm)	Dimètre Eq. (mm)	Surface (mm2)	Surface convexe (mm2)	Surface DiffCAP (mm2)	Surface DiffCEN (mm2)	Surface DiffEAP (mm2)	Finesse	Excentricité	F. Feret	Compacité	Circularité	Rugosité	Index de courbure	Moment inertie 1	Moment inertie 2	Moment inertie 3	Symétrie	Moyenne ndg	Ecart type ndg	Minimum ndg	Maximum ndg	Histo. Kurtose	Histo. Moyenne	Histo. Pic	Histo. Assymétrie	Histo. Ecart type	Histo. Variance	Cooc. Contraste	Cooc. Corrélation	Cooc. Variance globale	Cooc. Homogénéïté	Cooc. Somme des moyennes	Cooc. Somme des variances	Cooc. Somme des entropies	Cooc. Entropie globale	Cooc. Ecart variance	Cooc. Ecart entropie	Cooc. Corrélation IC1	Cooc. Corrélation IC2	RVB R Moy	RVB R Ect	RVB R Min	RVB R Max	RVB V Moy	RVB V Ect	RVB V Min	RVB V Max	RVB B Moy	RVB B Ect	RVB B Min	RVB B Max	TSI T Moy	TSI T Ect	TSI T Min	TSI T Max	TSI S Moy	TSI S Ect	TSI S Min	TSI S Max	TSI I Moy	TSI I Ect	TSI I Min	TSI I Max	CMJ C Moy	CMJ C Ect	CMJ C Min	CMJ C Max	CMJ M Moy	CMJ M Ect	CMJ M Min	CMJ M Max	CMJ J Moy	CMJ J Ect	CMJ J Min	CMJ J Max	Lab L Moy	Lab L Ect	Lab L Min	Lab L Max	Lab a Moy	Lab a Ect	Lab a Min	Lab a Max	Lab b Moy	Lab b Ect	Lab b Min	Lab b Max	Poids estimé (gr)
Moyenne	7,2167	7,269613	2,996561	19,95063	16,63474	16,66568	4,582086	16,59697	16,63244	9,872419	23,80221	1,832344	2,364161	0,9078076	2,361545	0,01452026	1,337418	0,2884004	0,9809245	53,60116	302,8413	-0,4903242	0,9005555	132,8571	9,95068	110,0833	161,0833	0,5522969	132,8573	131,7109	0,2532696	9,952046	106,321	6,729691	176,369	104,7185	0,4116186	267,7533	412,1442	4,160697	5,470606	2,503605	1,677574	-0,4426585	0,9751831	150,0797	9,446209	126,75	173,4444	133,7716	10,74511	108,2222	164,	114,7236	10,68468	93,11111	149,5278	23,00391	3,767751	11,25	48,05556	35,00935	6,834717	12,97222	48,72222	132,8571	9,95068	110,0833	161,0833	104,9203	9,383737	81,55556	128,25	121,2284	11,26948	91,	146,7778	140,2764	12,19345	105,4722	161,8889	56,7645	4,180725	47,00598	67,77055	3,00713	0,7946182	0,9256032	4,81188	12,50731	1,556484	7,96904	11,89154	0,04277778
Ecart type	0,6218312	0,6348517	0,2998959	1,624169	1,35101	1,35975	0,3735468	2,683454	2,692416	1,841848	4,83163	0,29149	0,2251116	0,01849588	0,2269357	0,001276389	0,07222122	0,02721053	0,007598425	10,34153	52,00198	15,17234	0,02537983	10,11172	2,698045	11,31954	8,50939	1,46448	10,1125	12,60986	0,6976262	2,697731	56,55639	5,064908	143,0622	57,58043	0,1119892	20,59177	227,8185	0,274285	0,4776831	1,578622	0,2739772	0,05402403	0,009677264	10,852	3,238552	13,17695	10,13916	10,93936	2,946687	12,23409	9,033887	8,909379	2,145325	9,209831	8,516279	1,888692	3,55719	3,737015	49,87593	3,770989	1,362161	3,897906	3,855811	10,11172	2,698045	11,31954	8,50939	10,852	3,150069	10,13915	13,17695	10,93936	3,202765	9,033889	12,23409	8,909378	2,654887	8,516281	9,209831	4,158309	1,234968	4,916579	3,336131	0,7817634	0,3049959	1,619414	1,23485	1,701578	0,8037899	2,532379	2,302135	0,006916457
Mini	5,824	5,885674	2,3345	16,851	13,91168	13,94283	3,838329	11,56938	11,52715	5,86964	13,23105	1,347034	2,	0,8602989	2,	0,01219512	1,191411	0,2396113	0,9654839	33,1913	194,0458	-40,72406	0,84	111,8865	4,628653	78,	145,	-1,201065	111,8836	101,0098	-1,322684	4,628828	21,42605	1,459494	30,02851	19,70825	0,1915901	224,1219	76,13972	3,419217	4,350263	0,658582	1,153337	-0,5854674	0,9530938	126,902	3,732874	88,	156,	110,8927	4,828496	76,	148,	97,85692	7,163865	69,	133,	18,83019	2,170927	0,	30,	26,64079	4,354722	2,	43,	111,8865	4,628653	78,	145,	84,66788	4,017828	60,	102,	100,1426	5,590889	73,99999	122,	123,028	7,860095	87,99999	141,	47,9169	2,02786	33,29293	61,95235	1,450989	0,1061847	-2,678015	2,60893	8,623111	0,2932995	3,240872	7,336705	0,02981945
Maxi	8,528	8,672403	3,5525	23,6325	19,65619	19,76465	5,449225	23,3182	23,43432	13,80402	33,76344	2,511776	3,	0,9469571	3,	0,01785714	1,511082	0,3488393	0,9946181	76,3664	414,532	33,20642	0,94	152,3773	16,51792	133,	177,	4,371433	152,3826	157,8574	1,432705	16,5222	272,9829	26,76051	695,5137	277,8942	0,6141626	307,6408	1106,542	4,586804	6,41926	8,644394	2,367932	-0,3582564	0,9914674	170,3321	17,11707	153,	195,	154,8574	17,98935	133,	181,	131,972	15,19086	114,	167,	26,16791	24,05213	19,	253,	41,61313	9,430861	20,	57,	152,3773	16,51792	133,	177,	128,098	20,37602	98,99999	167,	144,1073	21,03222	107,	179,	157,1431	16,49796	122,	186,	64,67863	8,217256	56,77709	74,14175	4,414	1,575335	4,907458	7,670808	14,60126	3,558332	12,30225	16,84377	0,06010139
% à 2,00 x écart type	94,4	94,4	94,4	97,2	94,4	94,4	97,2	97,2	97,2	94,4	91,7	94,4	97,2	91,7	97,2	94,4	94,4	94,4	97,2	97,2	91,7	91,7	97,2	97,2	97,2	88,9	100,0	91,7	97,2	94,4	97,2	97,2	97,2	94,4	94,4	97,2	100,0	97,2	97,2	97,2	94,4	97,2	97,2	94,4	97,2	94,4	97,2	94,4	97,2	97,2	94,4	88,9	100,0	100,0	97,2	94,4	97,2	94,4	97,2	94,4	94,4	97,2	100,0	94,4	94,4	97,2	97,2	88,9	100,0	94,4	94,4	97,2	94,4	97,2	97,2	100,0	88,9	100,0	100,0	97,2	94,4	97,2	97,2	94,4	100,0	100,0	91,7	88,9	97,2	94,4	97,2	100,0	97,2	97,22222
