Date	Heure début	Heure fin	ID Programme	ID Lot	Utilisateur	ID Variété	ID Sous variété	Code variété	Masse totale mesurée	Nb mesures	Nb graines	PMG	Masse Surfacique (gr/mm2)	Masse ext.	PMG ext.	Classifieur	Masse analysée	%Clas. NI (nb)	%Clas. NI (masse)	Masse Clas. NI	Nb Clas. NI	PMG Clas. NI	%Clas. C1 (nb)	%Clas. C1 (masse)	Masse Clas. C1	Nb Clas. C1	PMG Clas. C1	%Clas. C2 (nb)	%Clas. C2 (masse)	Masse Clas. C2	Nb Clas. C2	PMG Clas. C2	%Clas. C3 (nb)	%Clas. C3 (masse)	Masse Clas. C3	Nb Clas. C3	PMG Clas. C3	%Clas. C4 (nb)	%Clas. C4 (masse)	Masse Clas. C4	Nb Clas. C4	PMG Clas. C4	Dossier Mesure
22/11/2022	08:28:23	08:28:23	Blé dur - Métrologie complète + classification cassés	175_176_179	Mecarnot	Blé dur	Standard	0101	1,860	1	36	51,667	0,002812904	0,000	0,000	Graines entiers et cassés_test	1,860	0,0	0,0	0,000	0	0,000	100,0	100,0	1,860	36	51,667	0,0	0,0	0,000	0	0,000	0,0	0,0	0,000	0	0,000	0,0	0,0	0,000	0	0,000	2022-11-22_082823_0101_Mecarnot_175_176_179



Mesure	Longueur (mm)	Longueur intérieure (mm)	Largeur (mm)	Périmètre (mm)	Périmètre de Crofton (mm)	Périmètre convexe (mm)	Dimètre Eq. (mm)	Surface (mm2)	Surface convexe (mm2)	Surface DiffCAP (mm2)	Surface DiffCEN (mm2)	Surface DiffEAP (mm2)	Finesse	Excentricité	F. Feret	Compacité	Circularité	Rugosité	Index de courbure	Moment inertie 1	Moment inertie 2	Moment inertie 3	Symétrie	Moyenne ndg	Ecart type ndg	Minimum ndg	Maximum ndg	Histo. Kurtose	Histo. Moyenne	Histo. Pic	Histo. Assymétrie	Histo. Ecart type	Histo. Variance	Cooc. Contraste	Cooc. Corrélation	Cooc. Variance globale	Cooc. Homogénéïté	Cooc. Somme des moyennes	Cooc. Somme des variances	Cooc. Somme des entropies	Cooc. Entropie globale	Cooc. Ecart variance	Cooc. Ecart entropie	Cooc. Corrélation IC1	Cooc. Corrélation IC2	RVB R Moy	RVB R Ect	RVB R Min	RVB R Max	RVB V Moy	RVB V Ect	RVB V Min	RVB V Max	RVB B Moy	RVB B Ect	RVB B Min	RVB B Max	TSI T Moy	TSI T Ect	TSI T Min	TSI T Max	TSI S Moy	TSI S Ect	TSI S Min	TSI S Max	TSI I Moy	TSI I Ect	TSI I Min	TSI I Max	CMJ C Moy	CMJ C Ect	CMJ C Min	CMJ C Max	CMJ M Moy	CMJ M Ect	CMJ M Min	CMJ M Max	CMJ J Moy	CMJ J Ect	CMJ J Min	CMJ J Max	Lab L Moy	Lab L Ect	Lab L Min	Lab L Max	Lab a Moy	Lab a Ect	Lab a Min	Lab a Max	Lab b Moy	Lab b Ect	Lab b Min	Lab b Max	Poids estimé (gr)
Moyenne	7,315021	7,413018	3,264916	20,72981	17,20497	17,23021	4,82661	18,36773	18,44192	9,833341	23,13617	1,899679	2,211001	0,8921461	2,209136	0,01427461	1,290935	0,2710771	0,9751124	63,74113	312,4636	2,160887	0,9011111	126,4174	7,657257	108,5	147,8333	0,02107983	126,4186	124,4535	0,2213496	7,660202	63,69897	5,142256	277,2839	63,30058	0,4477291	254,9255	248,0601	3,955163	5,220397	2,003577	1,578596	-0,4171101	0,9644929	143,443	7,066383	126,0556	162,8056	127,5794	8,417456	107,3056	151,4722	108,2305	8,232777	89,69444	132,5	23,49891	2,769961	13,61111	34,16667	36,80397	5,611526	18,72222	50,86111	126,4174	7,657257	108,5	147,8333	111,557	7,058089	92,19444	128,9444	127,4206	8,45905	103,5278	147,6944	146,7695	8,313371	122,5	165,3056	54,3195	3,144208	46,62238	63,10291	2,827761	0,734469	0,953733	4,53389	12,7193	0,9375023	10,38733	13,68866	0,05166666
Ecart type	0,4638745	0,4887454	0,3600509	1,313919	1,034412	0,9839395	0,3063132	2,342303	2,384102	1,537954	4,304379	0,3080184	0,2644723	0,02742474	0,2639898	0,0009054643	0,08801258	0,02460566	0,01094414	13,63243	39,25912	15,0683	0,02746491	8,334718	2,246563	9,328868	9,257129	0,9404494	8,337912	9,531061	0,3986305	2,240595	38,20458	3,622185	203,7002	39,35534	0,09690417	16,86078	154,8575	0,2987727	0,4963841	1,106156	0,24143	0,04843358	0,01532863	9,455563	2,508736	11,3062	11,26898	8,909705	2,498237	9,56504	10,14201	6,961749	1,873673	7,283237	7,209176	1,183172	0,4745966	2,918121	3,435921	3,404537	1,055765	5,025552	4,204183	8,334718	2,246563	9,328868	9,257129	9,455564	2,283349	11,26898	11,3062	8,909709	2,099729	10,14201	9,56504	6,961753	1,837734	7,209176	7,283237	3,460588	0,8152605	3,932205	3,808207	0,4898395	0,2986717	1,196687	1,217584	1,590161	0,4561163	2,337434	2,702107	0,006588674
Mini	6,344	6,416098	2,639	18,495	15,51756	15,61776	4,296078	14,49339	14,35616	6,722983	14,56988	1,521749	1,75	0,8262108	1,75	0,01265823	1,14438	0,2183162	0,9333811	42,8105	234,0564	-29,23692	0,83	114,2049	3,681725	80,	131,	-1,063035	114,2118	105,998	-0,6600494	3,703922	13,71904	1,844445	58,17431	12,57407	0,2273925	230,2535	48,45181	3,194609	4,051142	0,8475111	1,238559	-0,4903333	0,9239532	128,0876	3,417857	92,	146,	114,5376	4,214181	78,	133,	97,78693	4,117205	68,	116,	20,90075	1,792965	5,	29,	30,6136	3,483635	8,	41,	114,2049	3,681725	80,	131,	93,26194	3,187553	67,99999	108,	109,0052	4,765114	80,99999	126,	133,0984	5,300522	105,	149,	49,1157	1,848722	34,27574	56,39686	1,402746	0,1069981	-1,406082	2,468574	9,518352	0,1158635	4,251281	6,593205	0,04076851
Maxi	8,216001	8,696608	4,06	23,52975	19,65619	19,4158	5,413338	23,01208	23,09653	12,77755	31,40312	3,161992	2,923077	0,9398839	2,923077	0,01639344	1,46994	0,3291175	0,9933493	99,15092	389,3628	51,03898	0,94	142,7822	13,39284	130,	167,	2,412384	142,7691	150,8574	1,013064	13,3841	179,134	17,73278	963,2271	183,3966	0,6288242	287,876	726,1846	4,543524	6,299216	5,960337	2,195691	-0,3085235	0,9860379	161,7381	13,83317	147,	187,	145,9948	15,03733	129,	174,	121,9016	11,9315	106,	150,	26,90995	3,990252	18,	42,	45,55404	8,185849	28,	59,	142,7822	13,39284	130,	167,	126,9124	12,34893	109,	163,	140,4624	12,51976	122,	177,	157,2131	13,15662	139,	187,	61,20418	5,069627	55,01478	71,41213	3,830972	1,838232	4,219887	8,55113	15,92165	2,009392	15,00045	18,13424	0,06473076
% à 2,00 x écart type	97,2	94,4	97,2	97,2	97,2	94,4	100,0	100,0	100,0	97,2	100,0	97,2	97,2	94,4	97,2	97,2	97,2	94,4	94,4	94,4	100,0	94,4	94,4	100,0	94,4	91,7	97,2	91,7	100,0	97,2	97,2	94,4	91,7	94,4	94,4	91,7	94,4	100,0	91,7	97,2	94,4	94,4	94,4	94,4	94,4	100,0	94,4	94,4	97,2	97,2	91,7	91,7	97,2	100,0	97,2	91,7	91,7	94,4	94,4	97,2	91,7	97,2	91,7	97,2	94,4	100,0	94,4	91,7	97,2	100,0	94,4	97,2	94,4	97,2	100,0	97,2	91,7	100,0	94,4	91,7	91,7	100,0	97,2	91,7	97,2	94,4	94,4	97,2	97,2	94,4	94,4	94,4	94,4	100,
