Date	Heure début	Heure fin	ID Programme	ID Lot	Utilisateur	ID Variété	ID Sous variété	Code variété	Masse totale mesurée	Nb mesures	Nb graines	PMG	Masse Surfacique (gr/mm2)	Masse ext.	PMG ext.	Classifieur	Masse analysée	%Clas. NI (nb)	%Clas. NI (masse)	Masse Clas. NI	Nb Clas. NI	PMG Clas. NI	%Clas. C1 (nb)	%Clas. C1 (masse)	Masse Clas. C1	Nb Clas. C1	PMG Clas. C1	%Clas. C2 (nb)	%Clas. C2 (masse)	Masse Clas. C2	Nb Clas. C2	PMG Clas. C2	%Clas. C3 (nb)	%Clas. C3 (masse)	Masse Clas. C3	Nb Clas. C3	PMG Clas. C3	%Clas. C4 (nb)	%Clas. C4 (masse)	Masse Clas. C4	Nb Clas. C4	PMG Clas. C4	Dossier Mesure
22/11/2022	10:44:54	10:44:54	Blé dur - Métrologie complète + classification cassés	295_298_303	Mecarnot	Blé dur	Standard	0101	1,780	1	36	49,444	0,002640492	0,000	0,000	Graines entiers et cassés_test	1,780	0,0	0,0	0,000	0	0,000	100,0	100,0	1,780	36	49,444	0,0	0,0	0,000	0	0,000	0,0	0,0	0,000	0	0,000	0,0	0,0	0,000	0	0,000	2022-11-22_104454_0101_Mecarnot_295_298_303



Mesure	Longueur (mm)	Longueur intérieure (mm)	Largeur (mm)	Périmètre (mm)	Périmètre de Crofton (mm)	Périmètre convexe (mm)	Dimètre Eq. (mm)	Surface (mm2)	Surface convexe (mm2)	Surface DiffCAP (mm2)	Surface DiffCEN (mm2)	Surface DiffEAP (mm2)	Finesse	Excentricité	F. Feret	Compacité	Circularité	Rugosité	Index de courbure	Moment inertie 1	Moment inertie 2	Moment inertie 3	Symétrie	Moyenne ndg	Ecart type ndg	Minimum ndg	Maximum ndg	Histo. Kurtose	Histo. Moyenne	Histo. Pic	Histo. Assymétrie	Histo. Ecart type	Histo. Variance	Cooc. Contraste	Cooc. Corrélation	Cooc. Variance globale	Cooc. Homogénéïté	Cooc. Somme des moyennes	Cooc. Somme des variances	Cooc. Somme des entropies	Cooc. Entropie globale	Cooc. Ecart variance	Cooc. Ecart entropie	Cooc. Corrélation IC1	Cooc. Corrélation IC2	RVB R Moy	RVB R Ect	RVB R Min	RVB R Max	RVB V Moy	RVB V Ect	RVB V Min	RVB V Max	RVB B Moy	RVB B Ect	RVB B Min	RVB B Max	TSI T Moy	TSI T Ect	TSI T Min	TSI T Max	TSI S Moy	TSI S Ect	TSI S Min	TSI S Max	TSI I Moy	TSI I Ect	TSI I Min	TSI I Max	CMJ C Moy	CMJ C Ect	CMJ C Min	CMJ C Max	CMJ M Moy	CMJ M Ect	CMJ M Min	CMJ M Max	CMJ J Moy	CMJ J Ect	CMJ J Min	CMJ J Max	Lab L Moy	Lab L Ect	Lab L Min	Lab L Max	Lab a Moy	Lab a Ect	Lab a Min	Lab a Max	Lab b Moy	Lab b Ect	Lab b Min	Lab b Max	Poids estimé (gr)
Moyenne	7,926804	7,995964	3,112666	21,60604	18,06468	18,07862	4,873852	18,72547	18,85741	12,03144	29,83282	2,026469	2,49336	0,9187091	2,49254	0,01318373	1,393369	0,2844381	0,9794242	56,64388	363,8523	1,344434	0,8966666	129,9308	8,331247	108,5278	151,6111	0,3198327	129,9274	130,8281	0,04052743	8,324255	77,84869	5,798734	276,4283	76,75607	0,4421936	262,0227	301,2256	3,997199	5,259501	2,166886	1,601781	-0,4263368	0,9667864	147,2816	8,225317	124,75	167,3611	131,4276	9,143842	107,1389	155,3333	111,0812	8,603377	90,97222	134,5556	24,07148	2,767947	13,61111	34,22222	37,21661	6,01367	17,58333	50,75	129,9308	8,331247	108,5278	151,6111	107,7184	8,346804	87,63889	130,25	123,5724	9,326487	99,66666	147,8611	143,9188	8,449574	120,4444	164,0278	55,79071	3,506683	46,47367	64,5741	2,642149	0,7003888	0,9240878	4,275665	13,19739	1,048415	10,51275	13,58319	0,04944445
Ecart type	0,5579947	0,5576292	0,2356219	1,421398	1,18937	1,181167	0,3018315	2,316464	2,339777	1,962699	5,155368	0,3181632	0,1880371	0,01448993	0,1881302	0,0009072208	0,07764261	0,02328231	0,006984439	8,949203	55,329	14,3582	0,02426704	9,126872	2,92743	9,508728	11,30948	1,288209	9,117969	11,51203	0,6099509	2,924977	53,69444	4,512903	254,9262	53,95993	0,1197605	18,69226	212,8383	0,3624579	0,5878015	1,363425	0,2882777	0,05534749	0,01608625	9,12974	3,378044	11,10899	12,78704	9,785914	3,208302	9,592106	12,03236	8,662108	2,257277	8,274748	10,18835	1,641057	0,4103773	3,057575	3,606407	3,106706	1,171311	4,462031	4,329325	9,126872	2,92743	9,508728	11,30948	9,129734	3,017618	12,78704	11,10899	9,785913	2,640971	12,03237	9,592106	8,662109	2,041372	10,18835	8,274747	3,698535	1,044337	3,945253	4,510309	0,7399605	0,267226	1,194723	0,9817857	1,077451	0,5168495	2,593014	2,192405	0,006116606
Mini	7,072	7,044333	2,7405	19,317	16,04498	16,02866	4,35358	14,88396	14,97896	8,639521	22,79169	1,557681	2,181818	0,8924474	2,181818	0,01149425	1,27919	0,2471272	0,9611004	42,3512	273,9169	-35,64125	0,83	111,5372	3,465937	79,	128,	-1,320971	111,547	112,9668	-1,37032	3,454294	11,93215	1,701588	47,16265	10,93832	0,2028075	224,952	41,99132	3,244989	4,132884	0,7342535	1,201644	-0,5778847	0,9351515	128,5693	3,008802	88,	143,	111,8408	3,683414	77,	132,	94,23597	5,068662	69,	113,	20,33196	1,901279	5,	28,	32,78724	3,885703	8,	42,	111,5372	3,465937	79,	128,	91,1032	3,385391	64,	111,	103,969	4,322695	75,99999	132,	127,7988	5,197578	104,	148,	48,2589	1,542876	33,58853	55,6186	0,6968627	0,1761437	-3,202492	1,814735	10,65791	0,2724307	5,674591	8,191135	0,03930098
Maxi	9,048	9,189378	3,654	24,4545	20,49255	20,53601	5,441819	23,25487	23,3921	16,27791	40,67768	2,638647	2,931507	0,9487582	2,931035	0,01470588	1,607732	0,3341762	0,9918612	77,81066	488,849	31,60522	0,94	147,3153	15,34818	126,	172,	4,656095	147,2981	167,0957	1,423923	15,33327	235,1092	19,21715	1189,038	225,2677	0,619828	298,8628	891,0294	4,62481	6,420687	6,624785	2,251904	-0,3149576	0,9919722	163,8968	16,44082	144,	191,	151,031	16,73593	123,	179,	127,2012	13,38027	107,	151,	28,29229	3,618865	18,	45,	42,89223	8,857239	25,	61,	147,3153	15,34818	126,	172,	126,4307	17,66326	112,	167,	143,1592	16,67701	123,	178,	160,764	14,64242	142,	186,	62,96218	6,572267	53,05297	73,23205	4,278953	1,174205	2,703447	5,933285	15,74621	2,369451	15,55757	18,6157	0,0614043
% à 2,00 x écart type	91,7	97,2	97,2	94,4	94,4	97,2	100,0	100,0	100,0	97,2	91,7	100,0	94,4	97,2	94,4	100,0	94,4	97,2	97,2	97,2	94,4	94,4	97,2	97,2	97,2	97,2	97,2	91,7	97,2	97,2	91,7	97,2	94,4	91,7	94,4	91,7	100,0	100,0	91,7	97,2	100,0	94,4	97,2	94,4	100,0	97,2	94,4	97,2	100,0	94,4	97,2	97,2	100,0	100,0	97,2	97,2	97,2	91,7	94,4	94,4	94,4	100,0	97,2	97,2	91,7	97,2	97,2	97,2	97,2	97,2	94,4	100,0	97,2	94,4	94,4	100,0	97,2	100,0	94,4	97,2	97,2	97,2	94,4	97,2	100,0	94,4	100,0	94,4	97,2	94,4	97,2	100,0	94,4	100,
