Date	Heure début	Heure fin	ID Programme	ID Lot	Utilisateur	ID Variété	ID Sous variété	Code variété	Masse totale mesurée	Nb mesures	Nb graines	PMG	Masse Surfacique (gr/mm2)	Masse ext.	PMG ext.	Classifieur	Masse analysée	%Clas. NI (nb)	%Clas. NI (masse)	Masse Clas. NI	Nb Clas. NI	PMG Clas. NI	%Clas. C1 (nb)	%Clas. C1 (masse)	Masse Clas. C1	Nb Clas. C1	PMG Clas. C1	%Clas. C2 (nb)	%Clas. C2 (masse)	Masse Clas. C2	Nb Clas. C2	PMG Clas. C2	%Clas. C3 (nb)	%Clas. C3 (masse)	Masse Clas. C3	Nb Clas. C3	PMG Clas. C3	%Clas. C4 (nb)	%Clas. C4 (masse)	Masse Clas. C4	Nb Clas. C4	PMG Clas. C4	Dossier Mesure
22/11/2022	10:31:45	10:31:45	Blé dur - Métrologie complète + classification cassés	265_268_278	Mecarnot	Blé dur	Standard	0101	1,810	1	36	50,278	0,002699706	0,000	0,000	Graines entiers et cassés_test	1,810	0,0	0,0	0,000	0	0,000	100,0	100,0	1,810	36	50,278	0,0	0,0	0,000	0	0,000	0,0	0,0	0,000	0	0,000	0,0	0,0	0,000	0	0,000	2022-11-22_103145_0101_Mecarnot_265_268_278



Mesure	Longueur (mm)	Longueur intérieure (mm)	Largeur (mm)	Périmètre (mm)	Périmètre de Crofton (mm)	Périmètre convexe (mm)	Dimètre Eq. (mm)	Surface (mm2)	Surface convexe (mm2)	Surface DiffCAP (mm2)	Surface DiffCEN (mm2)	Surface DiffEAP (mm2)	Finesse	Excentricité	F. Feret	Compacité	Circularité	Rugosité	Index de courbure	Moment inertie 1	Moment inertie 2	Moment inertie 3	Symétrie	Moyenne ndg	Ecart type ndg	Minimum ndg	Maximum ndg	Histo. Kurtose	Histo. Moyenne	Histo. Pic	Histo. Assymétrie	Histo. Ecart type	Histo. Variance	Cooc. Contraste	Cooc. Corrélation	Cooc. Variance globale	Cooc. Homogénéïté	Cooc. Somme des moyennes	Cooc. Somme des variances	Cooc. Somme des entropies	Cooc. Entropie globale	Cooc. Ecart variance	Cooc. Ecart entropie	Cooc. Corrélation IC1	Cooc. Corrélation IC2	RVB R Moy	RVB R Ect	RVB R Min	RVB R Max	RVB V Moy	RVB V Ect	RVB V Min	RVB V Max	RVB B Moy	RVB B Ect	RVB B Min	RVB B Max	TSI T Moy	TSI T Ect	TSI T Min	TSI T Max	TSI S Moy	TSI S Ect	TSI S Min	TSI S Max	TSI I Moy	TSI I Ect	TSI I Min	TSI I Max	CMJ C Moy	CMJ C Ect	CMJ C Min	CMJ C Max	CMJ M Moy	CMJ M Ect	CMJ M Min	CMJ M Max	CMJ J Moy	CMJ J Ect	CMJ J Min	CMJ J Max	Lab L Moy	Lab L Ect	Lab L Min	Lab L Max	Lab a Moy	Lab a Ect	Lab a Min	Lab a Max	Lab b Moy	Lab b Ect	Lab b Min	Lab b Max	Poids estimé (gr)
Moyenne	7,605522	7,679851	3,236722	21,21788	17,6095	17,62152	4,85906	18,62342	18,73983	10,72961	26,09255	1,96356	2,306378	0,9058341	2,304174	0,01371732	1,333346	0,2760969	0,9785857	60,91064	334,5352	2,307631	0,8977777	124,8779	8,578285	105,1389	148,	0,1129336	124,8836	124,4427	0,2562598	8,579226	81,97861	6,06862	227,1662	80,7808	0,4177118	251,8044	317,0546	4,044081	5,378153	2,316903	1,660659	-0,4116045	0,9657991	141,2971	7,991001	121,1389	161,9444	125,7709	9,410763	103,3889	151,3333	107,5605	9,137679	88,25	133,1111	22,95182	3,478465	11,58333	40,63889	35,46811	6,118631	16,72222	49,86111	124,8779	8,578285	105,1389	148,	113,7029	7,989089	93,05556	133,8611	129,2292	9,405428	103,6667	151,6111	147,4395	9,000163	121,8889	166,75	53,60094	3,507502	45,00808	63,0076	2,89084	0,7815471	0,8062584	4,540483	12,07767	0,9738575	9,464922	12,66873	0,05027778
Ecart type	0,4266846	0,4464548	0,3033492	1,282776	1,041979	1,043024	0,324225	2,495911	2,491318	1,36281	3,300218	0,2547083	0,1769343	0,01587071	0,1784726	0,0007691919	0,06125251	0,02737316	0,009827266	11,65787	39,0344	15,67188	0,02729582	9,542575	2,896917	8,452984	8,969083	0,772728	9,542218	13,46948	0,5879384	2,894039	59,01405	3,718801	195,1074	58,25286	0,09785692	19,51864	231,3101	0,3136606	0,5095907	1,215437	0,2411613	0,04737663	0,01373457	10,51466	3,444494	9,927943	10,68474	10,59398	3,149513	9,229415	9,862949	7,951044	2,356941	7,123416	8,06838	2,129136	2,339005	4,529993	35,87877	4,337256	1,420149	6,112878	4,802504	9,542575	2,896917	8,452984	8,969083	10,51466	2,77038	10,68474	9,927943	10,59398	2,491968	9,862953	9,229415	7,951036	2,233291	8,06838	7,123416	4,030336	0,9719792	3,655765	3,659704	0,8079363	0,272189	1,023758	1,372653	1,998792	0,5964776	2,468209	2,444191	0,006738228
Mini	6,656	6,659813	2,7405	18,7005	15,43686	15,38455	4,275692	14,35616	14,43005	8,098761	19,69145	1,543713	1,891892	0,8614936	1,891892	0,01219512	1,215719	0,2293062	0,9529254	43,14607	254,1971	-40,59328	0,83	109,9143	4,126412	94,	137,	-1,127503	109,9149	102,0391	-1,146434	4,130706	17,06273	1,61824	45,30006	15,7784	0,1980791	221,4231	60,61044	3,371552	4,302989	0,7473926	1,195777	-0,5190012	0,9272298	126,1899	2,429807	105,	149,	109,2143	4,550778	89,	138,	92,92205	4,873692	77,	120,	19,14353	1,990476	0,	29,	23,63565	3,22556	1,	36,	109,9143	4,126412	94,	137,	82,41686	3,470749	56,	105,	97,77554	5,545326	69,99999	122,	124,0228	5,329102	103,	149,	47,2975	1,95233	39,79075	58,0577	0,7384465	0,1824561	-0,9787806	2,104885	7,83596	0,02586492	4,607722	7,663806	0,03875742
Maxi	8,528	8,594415	3,857	23,6325	19,63255	19,73039	5,488553	23,656	23,68766	13,7173	36,37211	2,648782	2,733333	0,9342139	2,733333	0,015625	1,509585	0,3450917	0,9941636	87,58646	418,9452	44,97969	0,94	153,6025	16,29749	131,	178,	1,941654	153,5954	170,9453	1,495879	16,27985	265,0336	21,02481	898,412	254,9481	0,600222	311,393	1009,564	4,642718	6,249312	6,439843	2,245247	-0,3161603	0,9907635	172,5831	17,34858	150,	199,	157,2245	17,80188	133,	185,	130,9772	13,97466	106,	152,	28,28623	16,80438	19,	252,	42,44106	9,195837	26,	61,	153,6025	16,29749	131,	178,	128,8101	16,19438	106,	150,	145,7857	16,74148	117,	166,	162,0779	15,55211	135,	178,	65,48688	6,343367	56,38662	75,51787	4,209147	1,252197	3,453182	7,546221	15,78356	2,496195	14,39924	18,56466	0,06386425
% à 2,00 x écart type	94,4	94,4	91,7	100,0	97,2	94,4	100,0	94,4	100,0	97,2	97,2	97,2	91,7	97,2	91,7	97,2	97,2	91,7	97,2	94,4	94,4	94,4	97,2	94,4	91,7	94,4	94,4	97,2	94,4	94,4	91,7	91,7	91,7	97,2	91,7	91,7	97,2	94,4	91,7	94,4	94,4	97,2	97,2	94,4	94,4	94,4	91,7	94,4	94,4	94,4	91,7	94,4	94,4	94,4	97,2	94,4	97,2	97,2	97,2	94,4	97,2	97,2	94,4	94,4	94,4	94,4	91,7	94,4	94,4	94,4	94,4	94,4	94,4	94,4	94,4	94,4	94,4	94,4	97,2	97,2	94,4	94,4	94,4	94,4	94,4	97,2	97,2	97,2	94,4	97,2	94,4	100,0	91,7	94,44444
