Date	Heure début	Heure fin	ID Programme	ID Lot	Utilisateur	ID Variété	ID Sous variété	Code variété	Masse totale mesurée	Nb mesures	Nb graines	PMG	Masse Surfacique (gr/mm2)	Masse ext.	PMG ext.	Classifieur	Masse analysée	%Clas. NI (nb)	%Clas. NI (masse)	Masse Clas. NI	Nb Clas. NI	PMG Clas. NI	%Clas. C1 (nb)	%Clas. C1 (masse)	Masse Clas. C1	Nb Clas. C1	PMG Clas. C1	%Clas. C2 (nb)	%Clas. C2 (masse)	Masse Clas. C2	Nb Clas. C2	PMG Clas. C2	%Clas. C3 (nb)	%Clas. C3 (masse)	Masse Clas. C3	Nb Clas. C3	PMG Clas. C3	%Clas. C4 (nb)	%Clas. C4 (masse)	Masse Clas. C4	Nb Clas. C4	PMG Clas. C4	Dossier Mesure
21/11/2022	13:28:47	13:28:47	Blé dur - Métrologie complète + classification cassés	3_10_bis	Mecarnot	Blé dur	Standard	0101	1,820	1	35	50,556	0,002655338	0,000	0,000	Graines entiers et cassés_test	1,747	0,0	0,0	0,000	0	0,000	100,0	100,0	1,747	35	49,912	0,0	0,0	0,000	0	0,000	0,0	0,0	0,000	0	0,000	0,0	0,0	0,000	0	0,000	2022-11-21_132847_0101_Mecarnot_3_10_bis



Mesure	Longueur (mm)	Longueur intérieure (mm)	Largeur (mm)	Périmètre (mm)	Périmètre de Crofton (mm)	Périmètre convexe (mm)	Dimètre Eq. (mm)	Surface (mm2)	Surface convexe (mm2)	Surface DiffCAP (mm2)	Surface DiffCEN (mm2)	Surface DiffEAP (mm2)	Finesse	Excentricité	F. Feret	Compacité	Circularité	Rugosité	Index de courbure	Moment inertie 1	Moment inertie 2	Moment inertie 3	Symétrie	Moyenne ndg	Ecart type ndg	Minimum ndg	Maximum ndg	Histo. Kurtose	Histo. Moyenne	Histo. Pic	Histo. Assymétrie	Histo. Ecart type	Histo. Variance	Cooc. Contraste	Cooc. Corrélation	Cooc. Variance globale	Cooc. Homogénéïté	Cooc. Somme des moyennes	Cooc. Somme des variances	Cooc. Somme des entropies	Cooc. Entropie globale	Cooc. Ecart variance	Cooc. Ecart entropie	Cooc. Corrélation IC1	Cooc. Corrélation IC2	RVB R Moy	RVB R Ect	RVB R Min	RVB R Max	RVB V Moy	RVB V Ect	RVB V Min	RVB V Max	RVB B Moy	RVB B Ect	RVB B Min	RVB B Max	TSI T Moy	TSI T Ect	TSI T Min	TSI T Max	TSI S Moy	TSI S Ect	TSI S Min	TSI S Max	TSI I Moy	TSI I Ect	TSI I Min	TSI I Max	CMJ C Moy	CMJ C Ect	CMJ C Min	CMJ C Max	CMJ M Moy	CMJ M Ect	CMJ M Min	CMJ M Max	CMJ J Moy	CMJ J Ect	CMJ J Min	CMJ J Max	Lab L Moy	Lab L Ect	Lab L Min	Lab L Max	Lab a Moy	Lab a Ect	Lab a Min	Lab a Max	Lab b Moy	Lab b Ect	Lab b Min	Lab b Max	Poids estimé (gr)
Moyenne	7,810677	7,882294	3,175499	21,50117	17,90457	17,92242	4,883005	18,79692	18,89373	11,53029	28,4505	1,986472	2,411183	0,913446	2,406329	0,01337308	1,363854	0,2820373	0,9789383	59,59303	352,2066	7,258018	0,8954286	128,8897	9,890569	104,6857	151,6572	-0,292034	128,8872	130,1482	-0,05703175	9,890865	109,4152	6,247025	165,3593	108,2428	0,4057992	260,0472	426,7242	4,17941	5,523749	2,291039	1,670147	-0,4316523	0,972205	146,7714	9,522719	122,2	168,3714	130,2558	10,87761	103,2286	155,6	109,6437	9,905183	86,34286	133,9143	23,74891	2,977245	13,62857	39,42857	38,3531	5,355888	20,	51,54286	128,8897	9,890569	104,6857	151,6572	108,2286	9,133273	86,62857	132,8	124,7442	10,25349	99,4	151,7714	145,3563	9,255203	121,0857	168,6572	55,39038	3,871336	45,01796	64,7188	2,881662	0,7987936	1,069627	4,786285	13,45929	0,8858823	11,16042	14,20853	0,04991218
Ecart type	0,5136556	0,5057431	0,2740461	1,336392	1,126672	1,127425	0,3046081	2,338318	2,384195	1,692396	4,726862	0,2401751	0,1856621	0,01471087	0,1891422	0,0008852815	0,07010563	0,01883956	0,00743517	10,01027	48,44192	21,79726	0,02861996	9,500855	3,406582	8,914743	11,7812	0,7801214	9,498397	14,01168	0,5406353	3,403823	77,25858	3,682741	115,8445	76,4547	0,1006557	19,53831	304,4238	0,3193227	0,4742153	1,099087	0,2298316	0,05744891	0,01434714	9,567903	3,854488	10,61751	12,02161	10,20231	3,692618	9,295424	12,35476	8,936376	2,707603	6,828272	11,14674	1,57844	0,807929	2,996052	36,52966	3,150871	1,470328	3,847077	4,14965	9,500855	3,406582	8,914743	11,7812	9,567903	3,853036	12,02161	10,61751	10,20231	3,586131	12,35476	9,295424	8,936372	2,53246	11,14674	6,828272	3,841594	1,438739	3,895647	4,531608	0,7297819	0,3149762	1,222506	0,8644747	1,17049	0,5060814	2,047037	1,929788	0,006209025
Mini	6,681252	6,754023	2,7405	18,7005	15,32274	15,27136	4,269399	14,31394	14,30338	7,59101	19,95359	1,586706	1,974359	0,870611	1,974359	0,01136364	1,219469	0,2510665	0,9542905	46,49435	235,5625	-54,46277	0,82	114,3361	5,084138	64,	132,	-1,053578	114,3543	109,166	-1,13234	5,083257	25,8395	2,25053	32,00898	24,28955	0,2231426	230,2426	94,61826	3,593907	4,667324	1,091822	1,320696	-0,534066	0,9416478	132,5658	4,87604	74,	152,	115,2751	5,875957	60,	136,	95,13636	5,377572	57,	111,	20,71329	2,140287	4,	27,	30,91237	3,044055	10,	43,	114,3361	5,084138	64,	132,	80,7635	4,315687	52,	120,	94,32357	5,691452	61,	140,	117,8534	4,935282	81,99999	159,	49,62236	2,072038	26,6862	57,49337	1,043444	0,1695434	-1,144319	2,887952	10,80593	0,1436984	4,143888	10,65053	0,03800835
Maxi	9,152	9,183858	3,9585	24,249	20,24067	20,23253	5,560333	24,2788	24,34214	16,51402	43,83308	2,659082	2,83871	0,9454366	2,83871	0,01556594	1,592569	0,3230962	0,9916163	91,82674	477,3071	46,90271	0,94	157,3453	18,82481	117,	189,	2,468752	157,3368	178,0137	1,54931	18,82302	354,3061	16,47741	474,3628	342,2607	0,5795134	318,6259	1356,95	4,822402	6,331709	5,648265	2,170194	-0,3119517	0,9928578	174,2365	18,53984	135,	203,	160,6764	19,99446	115,	194,	137,1466	18,22617	96,	173,	27,33869	6,735919	18,	252,	45,23798	9,532808	29,	61,	157,3453	18,82481	117,	189,	122,4342	19,99579	103,	181,	139,7249	18,79353	119,	195,	159,8636	15,04888	144,	198,	66,68236	7,825907	49,78422	78,63472	4,269713	1,744826	3,209616	7,007556	15,60618	2,568828	15,64125	17,90868	0,06446843
% à 2,00 x écart type	94,3	94,3	97,1	94,3	94,3	94,3	94,3	97,1	97,1	94,3	97,1	97,1	94,3	94,3	94,3	94,3	94,3	97,1	94,3	97,1	94,3	94,3	97,1	94,3	97,1	97,1	94,3	94,3	94,3	97,1	97,1	97,1	97,1	94,3	94,3	97,1	100,0	94,3	97,1	97,1	100,0	94,3	94,3	97,1	97,1	94,3	97,1	97,1	94,3	94,3	97,1	97,1	94,3	94,3	97,1	97,1	94,3	97,1	97,1	94,3	97,1	91,4	94,3	88,6	91,4	94,3	97,1	97,1	94,3	94,3	94,3	94,3	97,1	94,3	94,3	94,3	97,1	94,3	94,3	94,3	97,1	94,3	97,1	97,1	94,3	97,1	97,1	100,0	94,3	97,1	94,3	94,3	100,0	97,14286
