Date	Heure début	Heure fin	ID Programme	ID Lot	Utilisateur	ID Variété	ID Sous variété	Code variété	Masse totale mesurée	Nb mesures	Nb graines	PMG	Masse Surfacique (gr/mm2)	Masse ext.	PMG ext.	Classifieur	Masse analysée	%Clas. NI (nb)	%Clas. NI (masse)	Masse Clas. NI	Nb Clas. NI	PMG Clas. NI	%Clas. C1 (nb)	%Clas. C1 (masse)	Masse Clas. C1	Nb Clas. C1	PMG Clas. C1	%Clas. C2 (nb)	%Clas. C2 (masse)	Masse Clas. C2	Nb Clas. C2	PMG Clas. C2	%Clas. C3 (nb)	%Clas. C3 (masse)	Masse Clas. C3	Nb Clas. C3	PMG Clas. C3	%Clas. C4 (nb)	%Clas. C4 (masse)	Masse Clas. C4	Nb Clas. C4	PMG Clas. C4	Dossier Mesure
22/11/2022	08:13:58	08:13:58	Blé dur - Métrologie complète + classification cassés	145_146_148	Mecarnot	Blé dur	Standard	0101	1,610	1	36	44,722	0,00260642	0,000	0,000	Graines entiers et cassés_test	1,610	0,0	0,0	0,000	0	0,000	94,4	95,6	1,540	34	45,290	5,6	4,4	0,070	2	35,066	0,0	0,0	0,000	0	0,000	0,0	0,0	0,000	0	0,000	2022-11-22_081358_0101_Mecarnot_145_146_148



Mesure	Longueur (mm)	Longueur intérieure (mm)	Largeur (mm)	Périmètre (mm)	Périmètre de Crofton (mm)	Périmètre convexe (mm)	Dimètre Eq. (mm)	Surface (mm2)	Surface convexe (mm2)	Surface DiffCAP (mm2)	Surface DiffCEN (mm2)	Surface DiffEAP (mm2)	Finesse	Excentricité	F. Feret	Compacité	Circularité	Rugosité	Index de courbure	Moment inertie 1	Moment inertie 2	Moment inertie 3	Symétrie	Moyenne ndg	Ecart type ndg	Minimum ndg	Maximum ndg	Histo. Kurtose	Histo. Moyenne	Histo. Pic	Histo. Assymétrie	Histo. Ecart type	Histo. Variance	Cooc. Contraste	Cooc. Corrélation	Cooc. Variance globale	Cooc. Homogénéïté	Cooc. Somme des moyennes	Cooc. Somme des variances	Cooc. Somme des entropies	Cooc. Entropie globale	Cooc. Ecart variance	Cooc. Ecart entropie	Cooc. Corrélation IC1	Cooc. Corrélation IC2	RVB R Moy	RVB R Ect	RVB R Min	RVB R Max	RVB V Moy	RVB V Ect	RVB V Min	RVB V Max	RVB B Moy	RVB B Ect	RVB B Min	RVB B Max	TSI T Moy	TSI T Ect	TSI T Min	TSI T Max	TSI S Moy	TSI S Ect	TSI S Min	TSI S Max	TSI I Moy	TSI I Ect	TSI I Min	TSI I Max	CMJ C Moy	CMJ C Ect	CMJ C Min	CMJ C Max	CMJ M Moy	CMJ M Ect	CMJ M Min	CMJ M Max	CMJ J Moy	CMJ J Ect	CMJ J Min	CMJ J Max	Lab L Moy	Lab L Ect	Lab L Min	Lab L Max	Lab a Moy	Lab a Ect	Lab a Min	Lab a Max	Lab b Moy	Lab b Ect	Lab b Min	Lab b Max	Poids estimé (gr)
Moyenne	7,336118	7,400152	3,050639	20,31025	16,91703	16,93863	4,658623	17,15849	17,223	10,08841	24,59515	1,885218	2,357955	0,9071813	2,355996	0,01428511	1,338579	0,2906035	0,9794047	55,65594	311,6276	4,539229	0,9077778	130,2681	9,201651	106,8889	153,3056	-0,1037436	130,2855	128,1061	0,01356936	9,215084	96,31577	7,237299	234,2524	95,49818	0,3933612	262,6439	374,7555	4,113752	5,486593	2,621307	1,720242	-0,4135315	0,9661458	147,2114	9,038159	122,7222	168,75	131,8456	10,12271	105,3889	157,1944	111,7451	9,168671	90,19444	136,5	24,31593	2,932686	14,	34,80556	36,4279	5,197947	20,61111	48,91667	130,2681	9,201651	106,8889	153,3056	107,7886	8,768014	86,25	132,2778	123,1544	9,646086	97,80556	149,6111	143,2549	8,748707	118,5	164,8056	55,91603	3,65941	45,73717	65,23177	2,475856	0,7647012	0,7359927	4,330945	12,9828	1,019147	10,11074	13,27267	0,04472222
Ecart type	0,6431784	0,6423552	0,2977952	1,703916	1,371725	1,379627	0,3838432	2,842233	2,829093	1,859195	5,029294	0,3522514	0,2025767	0,01783405	0,2061568	0,001245921	0,0765876	0,02907931	0,008647881	11,80828	54,31443	15,00145	0,02224998	8,314627	3,389431	12,58036	11,72087	0,7040303	8,326871	6,998103	0,3974829	3,376092	69,33618	4,338096	230,4675	70,36426	0,1140431	16,98164	279,774	0,3734901	0,5586624	1,262117	0,2720196	0,06089745	0,01768295	8,532572	3,883994	14,51744	12,9129	8,94461	3,638098	13,30889	12,60471	7,690742	2,647229	9,743429	10,14478	1,362584	0,5946825	3,073181	2,797017	2,8949	1,154786	4,198398	4,238547	8,314627	3,389431	12,58036	11,72087	8,532578	3,79006	12,9129	14,51744	8,944614	3,220979	12,60472	13,30889	7,690742	2,398124	10,14478	9,743429	3,393603	1,332911	5,389654	4,684454	0,5787382	0,3368589	1,0521	1,364413	1,177042	0,5237448	2,175163	1,778012	0,007408055
Mini	6,136	6,169713	2,436	17,262	14,47252	14,45838	3,955609	12,28718	12,2344	6,650834	15,18485	1,415608	1,939884	0,8655238	1,923077	0,01190476	1,195593	0,2327085	0,9547136	37,10782	219,1408	-22,9415	0,86	114,3477	3,426016	73,	132,	-1,260248	114,3375	113,043	-0,7803863	3,487165	12,16032	1,176812	24,52022	11,28407	0,2106185	229,9673	43,95947	3,173328	3,90139	0,6683806	1,072341	-0,5445065	0,9303911	130,1819	3,459855	81,	145,	114,7539	4,177708	71,	134,	98,10508	3,972148	64,	116,	21,72243	1,7996	7,	30,	31,02176	3,49019	12,	43,	114,3477	3,426016	73,	132,	90,20438	4,24954	62,	109,	102,7028	4,477112	73,99999	126,	126,317	4,20696	101,	147,	49,31301	1,766689	30,9398	56,78264	0,6558468	0,1415819	-2,018575	1,441708	11,21363	0,1927792	5,505749	10,16758	0,03202556
Maxi	8,736	8,785213	3,9585	23,838	19,90808	19,83845	5,468924	23,4871	23,45543	14,56815	36,3749	3,053249	2,814815	0,9360417	2,814815	0,01694915	1,516962	0,3729133	0,9941065	96,22327	442,0291	42,61317	0,94	148,5892	17,38175	129,	175,	1,784046	148,5891	144,1211	0,7528413	17,36667	301,6011	17,45673	1132,542	307,0121	0,6872529	300,8164	1220,063	4,830114	6,24289	5,655072	2,185061	-0,3111646	0,9943312	164,7956	18,21396	146,	193,	152,2972	18,73049	129,	181,	128,683	15,55543	108,	154,	28,22106	4,35314	19,	41,	44,39013	8,369813	30,	61,	148,5892	17,38175	129,	175,	124,8181	18,5031	110,	174,	140,2461	17,99935	121,	184,	156,8949	14,25823	139,	191,	63,43127	7,168417	54,91969	73,75786	3,533202	1,655115	2,626533	6,917109	16,00759	1,935774	14,39072	18,76199	0,06121726
% à 2,00 x écart type	97,2	97,2	94,4	97,2	97,2	97,2	97,2	97,2	97,2	94,4	97,2	94,4	94,4	94,4	94,4	94,4	94,4	97,2	94,4	97,2	94,4	91,7	97,2	97,2	94,4	97,2	100,0	94,4	97,2	94,4	100,0	94,4	94,4	91,7	91,7	94,4	97,2	97,2	94,4	97,2	97,2	94,4	97,2	94,4	97,2	97,2	94,4	97,2	100,0	97,2	94,4	97,2	100,0	97,2	97,2	97,2	97,2	97,2	94,4	94,4	97,2	97,2	94,4	94,4	97,2	97,2	94,4	97,2	100,0	97,2	91,7	100,0	97,2	97,2	94,4	100,0	97,2	97,2	94,4	97,2	97,2	97,2	94,4	97,2	100,0	97,2	94,4	94,4	97,2	97,2	100,0	94,4	97,2	97,22222
